// Converted by Obj2DatTexNorm.py Wavefront OBJ file conversion script
// (c) 2005-2013 By Giles Williams and Jens Ayton
// 
// original file: "roc1.obj"
// 
// model size: 109.957 x 39.597 x 143.796
// 
// materials used: ['remorse_of_conscience.png']
// 
NVERTS 1067
NFACES 454

VERTEX
-8.45185 -3.87853 -56.44881
-7.51531 -0.13115 -61.12073
-9.33244 0.12304 -56.98842
-8.45185 -3.87853 -56.44881
-4.75983 -5.94485 -60.33675
-6.80704 -3.34964 -60.68671
-8.45185 -3.87853 -56.44881
-6.67117 -7.25516 -55.83497
-5.90654 -7.10517 -56.0137
-8.45185 -3.87853 -56.44881
-8.80382 -4.33466 -54.59044
-8.80382 -4.55165 -56.19954
-8.3739 4.10698 -57.52566
-9.33244 0.38201 -55.06798
-9.33244 0.12304 -56.98842
-8.3739 4.10698 -57.52566
-4.64685 5.62864 -61.89743
-5.76606 7.28422 -57.95411
-2.02546 9.02546 -58.18891
-4.64685 5.62864 -61.89743
-1.63825 7.02914 -62.08629
2.10704 8.98584 -58.18357
2.10704 9.24482 -56.26312
-2.02546 9.02546 -58.18891
2.10704 8.98584 -58.18357
1.68555 6.99727 -62.08199
5.81296 7.1732 -57.93914
5.81296 7.1732 -57.93914
4.66625 5.53935 -61.88539
6.71346 2.94414 -61.53543
8.35827 3.94656 -57.50402
6.71346 2.94414 -61.53543
9.23886 -0.05501 -56.96441
8.35827 3.94656 -57.50402
8.71024 4.66166 -57.44195
5.81296 7.1732 -57.93914
9.23886 -0.05501 -56.96441
6.65077 -3.47866 -60.66931
8.28032 -4.03895 -56.42718
5.67249 -7.21619 -55.99873
1.54467 -7.43464 -60.13585
1.93188 -8.95744 -55.76392
5.67249 -7.21619 -55.99873
6.65077 -3.47866 -60.66931
4.55327 -6.03414 -60.32471
5.67249 -7.21619 -55.99873
8.61867 -4.71869 -56.17701
8.28032 -4.03895 -56.42718
5.67249 -7.21619 -55.99873
6.43365 -7.16382 -54.20894
6.43365 -7.38081 -55.81802
-2.20062 -8.91781 -55.76926
1.93188 -8.69846 -53.84347
1.93188 -8.95744 -55.76392
-2.20062 -8.91781 -55.76926
1.54467 -7.43464 -60.13585
-1.77914 -7.40277 -60.14015
-5.90654 -7.10517 -56.0137
-5.90654 -6.8462 -54.09325
-2.20062 -8.91781 -55.76926
-5.76606 7.54319 -56.03366
-6.52722 7.49082 -57.82346
-5.76606 7.28422 -57.95411
-7.51531 -0.13115 -61.12073
-6.74435 3.07316 -61.55283
-8.3739 4.10698 -57.52566
-6.80704 -3.34964 -60.68671
-5.80908 -2.88509 -60.74936
-7.51531 -0.13115 -61.12073
-4.75983 -5.94485 -60.33675
-4.06408 -5.09719 -60.45105
-1.77914 -7.40277 -60.14015
-1.5234 -6.33989 -60.28348
1.54467 -7.43464 -60.13585
1.30974 -6.36705 -60.27981
4.55327 -6.03414 -60.32471
3.8742 -5.1733 -60.44079
1.54467 -7.43464 -60.13585
6.65077 -3.47866 -60.66931
6.31921 -0.26378 -61.10284
5.66206 -2.99507 -60.73453
6.71346 2.94414 -61.53543
5.7155 2.47959 -61.47278
1.68555 6.99727 -62.08199
3.9705 4.69169 -61.77108
4.66625 5.53935 -61.88539
-1.63825 7.02914 -62.08629
-1.40331 5.96155 -61.94232
1.68555 6.99727 -62.08199
-4.64685 5.62864 -61.89743
-3.96778 4.7678 -61.78135
-6.74435 3.07316 -61.55283
-5.75564 2.58957 -61.48761
-4.64685 5.62864 -61.89743
-6.41279 -0.14172 -61.1193
-5.80908 -2.88509 -60.74936
-5.95208 0.28153 -57.94727
-6.41279 -0.14172 -61.1193
-5.80908 -2.88509 -60.74936
-3.77334 -4.31531 -57.32739
-5.39206 -2.2633 -57.6041
-1.5234 -6.33989 -60.28348
-3.77334 -4.31531 -57.32739
-4.06408 -5.09719 -60.45105
-1.5234 -6.33989 -60.28348
1.21156 -5.49327 -57.16855
-1.41654 -5.46807 -57.17195
3.8742 -5.1733 -60.44079
3.59043 -4.38591 -57.31788
1.21156 -5.49327 -57.16855
5.66206 -2.99507 -60.73453
5.2489 -2.36532 -57.59035
3.8742 -5.1733 -60.44079
6.31921 -0.26378 -61.10284
5.8585 0.1683 -57.93201
5.2489 -2.36532 -57.59035
3.9705 4.69169 -61.77108
3.67976 4.76514 -58.55189
5.29848 2.71313 -58.27518
-1.40331 5.96155 -61.94232
1.32296 5.9179 -58.70734
1.42982 5.93439 -61.93866
-1.40331 5.96155 -61.94232
-3.68401 4.83574 -58.5614
-1.30514 5.9431 -58.71074
-5.75564 2.58957 -61.48761
-3.68401 4.83574 -58.5614
-3.96778 4.7678 -61.78135
-5.95208 0.28153 -57.94727
-5.34248 2.81515 -58.28893
-5.75564 2.58957 -61.48761
-5.95208 0.28153 -57.94727
-4.74492 -1.96205 -57.64472
-5.23713 0.27468 -57.94636
-3.77334 -4.31531 -57.32739
-3.32218 -3.76563 -57.40151
-4.74492 -1.96205 -57.64472
-1.41654 -5.46807 -57.17195
-1.25071 -4.77883 -57.26489
-3.77334 -4.31531 -57.32739
1.21156 -5.49327 -57.16855
1.05922 -4.80098 -57.2619
-1.25071 -4.77883 -57.26489
5.2489 -2.36532 -57.59035
3.15008 -3.82769 -57.39315
3.59043 -4.38591 -57.31788
5.14356 0.17515 -57.93293
4.60776 -2.05172 -57.63264
5.29848 2.71313 -58.27518
5.8585 0.1683 -57.93201
5.29848 2.71313 -58.27518
3.2286 4.21546 -58.47777
4.65134 2.41189 -58.23456
1.32296 5.9179 -58.70734
3.67976 4.76514 -58.55189
-1.1528 5.25081 -58.61739
1.15713 5.22866 -58.6144
-3.68401 4.83574 -58.5614
-3.24366 4.27752 -58.48613
-1.1528 5.25081 -58.61739
-5.34248 2.81515 -58.28893
-4.70134 2.50156 -58.24664
-3.68401 4.83574 -58.5614
-6.52722 7.49082 -57.82346
-8.71225 5.04569 -55.85538
-8.71225 4.8287 -57.46448
8.71024 4.66166 -57.44195
6.57759 7.58216 -56.19743
6.57759 7.36518 -57.80652
-5.23713 0.27468 -57.94636
-4.87371 0.09612 -59.2442
-4.70134 2.50156 -58.24664
-4.74492 -1.96205 -57.64472
-4.41595 -1.984 -58.9637
-4.87371 0.09612 -59.2442
-1.25071 -4.77883 -57.26489
-3.09284 -3.66129 -58.73751
-3.32218 -3.76563 -57.40151
-1.25071 -4.77883 -57.26489
0.98177 -4.62415 -58.60767
-1.16641 -4.60355 -58.61045
3.15008 -3.82769 -57.39315
0.98177 -4.62415 -58.60767
1.05922 -4.80098 -57.2619
3.15008 -3.82769 -57.39315
4.28185 -2.06739 -58.95245
2.92624 -3.719 -58.72973
5.14356 0.17515 -57.93293
4.78013 0.00356 -59.23172
4.28185 -2.06739 -58.95245
4.65134 2.41189 -58.23456
4.32238 2.08368 -59.51222
5.14356 0.17515 -57.93293
3.2286 4.21546 -58.47777
2.99925 3.76097 -59.73841
4.32238 2.08368 -59.51222
1.15713 5.22866 -58.6144
1.07283 4.70323 -59.86547
3.2286 4.21546 -58.47777
-1.1528 5.25081 -58.61739
-3.01982 3.81868 -59.74619
-1.07535 4.72382 -59.86825
-4.70134 2.50156 -58.24664
-4.37543 2.16707 -59.52347
-3.01982 3.81868 -59.74619
-4.87371 0.09612 -59.2442
-2.93563 -1.45195 -60.22115
-3.23829 -0.0766 -60.40662
-4.87371 0.09612 -59.2442
-2.90884 1.29269 -60.59127
-4.37543 2.16707 -59.52347
-3.09284 -3.66129 -58.73751
-2.93563 -1.45195 -60.22115
-4.41595 -1.984 -58.9637
-1.16641 -4.60355 -58.61045
-0.78707 -3.18396 -59.98759
-3.09284 -3.66129 -58.73751
0.98177 -4.62415 -58.60767
0.63328 -3.19758 -59.98576
-0.78707 -3.18396 -59.98759
2.92624 -3.719 -58.72973
1.91894 -2.59911 -60.06646
0.98177 -4.62415 -58.60767
4.28185 -2.06739 -58.95245
2.81526 -1.50709 -60.21372
1.91894 -2.59911 -60.06646
4.32238 2.08368 -59.51222
2.84205 1.23755 -60.58383
3.14471 -0.1378 -60.39837
1.07283 4.70323 -59.86547
1.96722 2.34656 -60.73338
2.99925 3.76097 -59.73841
1.07283 4.70323 -59.86547
-0.72686 2.98318 -60.81923
0.69349 2.96956 -60.8174
-3.01982 3.81868 -59.74619
-2.01252 2.38471 -60.73853
-0.72686 2.98318 -60.81923
-2.0608 -2.56095 -60.07161
-0.78707 -3.18396 -59.98759
-2.93563 -1.45195 -60.22115
3.14471 -0.1378 -60.39837
0.69349 2.96956 -60.8174
-0.78707 -3.18396 -59.98759
1.96722 2.34656 -60.73338
0.69349 2.96956 -60.8174
2.84205 1.23755 -60.58383
-2.01252 2.38471 -60.73853
-2.90884 1.29269 -60.59127
-2.93563 -1.45195 -60.22115
-0.35438 -6.165 81.71
-4.32245 -6.57861 66.7706
-54.8775 0 -55.48
-0.35438 -6.165 81.71
1.97012 -4.99068 71.68252
55.08 -0.405 -55.48
55.08 -0.405 -55.48
10.80967 19.08858 -56.33451
9.305 20.1475 -58.18
20.0925 -19.0975 -52.96
0.25312 0.2025 -55.615
-19.39 -19.0975 -52.87
20.0925 -19.0975 -52.96
21.65326 -17.89127 -50.99337
55.08 -0.405 -55.48
-10.39687 20.0525 -58.27
0.25312 0.2025 -55.615
9.305 20.1475 -58.18
9.305 20.1475 -58.18
10.80967 19.08858 -56.33451
-0.35438 -6.165 81.71
-18.3528 2.71472 -55.0695
-18.3528 8.18678 -57.34282
-18.3528 2.71472 -57.34282
-18.3528 8.18678 -57.34282
-28.32523 8.18678 -55.0695
-28.32523 8.18678 -57.34282
-28.32523 2.71472 -57.34282
-28.32523 2.71472 -55.0695
-18.3528 2.71472 -55.0695
3.46029 11.14063 -34.00715
-3.46029 15.99319 -34.00715
3.46029 15.99319 -34.00715
3.46029 20.45012 -58.78561
-3.46029 8.10991 -57.87169
3.46029 8.10991 -57.87169
3.46029 20.45012 -58.78561
-3.46029 15.99319 -34.00715
-3.46029 20.45012 -58.78561
-3.46029 8.10991 -57.87169
-3.46029 15.99319 -34.00715
-3.46029 11.14063 -34.00715
27.71233 2.71472 -57.34282
17.73989 2.71472 -57.34282
27.71233 2.71472 -55.0695
27.71233 8.18678 -57.34282
17.73989 8.18678 -57.34282
17.73989 2.71472 -57.34282
27.71233 8.18678 -55.0695
17.73989 8.18678 -55.0695
27.71233 8.18678 -57.34282
17.73989 2.71472 -57.34282
17.73989 8.18678 -55.0695
17.73989 2.71472 -55.0695
13.962 -18.34373 -52.17608
13.962 -12.368 -54.65865
13.962 -18.34373 -54.65865
-13.962 -12.368 -54.65865
-13.962 -12.368 -52.17608
-13.962 -18.34373 -54.65865
-10.64309 -12.02832 2.54729
-8.14587 -14.68184 -43.67095
-10.64309 -12.02832 -43.67095
-10.64309 -12.02832 2.54729
-7.45804 -14.33024 2.5736
-8.14587 -14.68184 2.54729
-4.40851 -16.45487 2.54729
-8.14587 -14.68184 -43.67095
-8.14587 -14.68184 2.54729
-4.40851 -16.45487 2.54729
0 -17.07747 -43.67095
-4.40851 -16.45487 -43.67095
-4.40851 -16.45487 2.54729
0 -16.51807 2.54729
0 -17.07747 2.54729
4.40851 -16.45487 2.54729
4.40851 -16.45487 -43.67095
0 -17.07747 -43.67095
4.40851 -16.45487 2.54729
7.43038 -14.19372 2.5163
8.14587 -14.68184 2.54729
10.64309 -12.02832 2.54729
10.64309 -12.02832 -43.67095
8.14587 -14.68184 -43.67095
-9.38624 -12.24259 2.54729
-7.98232 -11.24581 -43.67095
-7.45804 -14.33024 2.5736
-7.45804 -14.33024 2.5736
-3.94016 -15.91355 2.53147
-4.40851 -16.45487 2.54729
0 -16.51807 2.54729
3.88342 -15.91355 2.49976
4.40851 -16.45487 2.54729
3.88342 -15.91355 2.49976
3.30638 -14.56572 -43.67095
7.43038 -14.19372 2.5163
7.43038 -14.19372 2.5163
9.49635 -12.24259 2.54729
10.64309 -12.02832 2.54729
-6.1094 -13.23595 -43.67095
-3.30638 -14.56572 -43.67095
-7.45804 -14.33024 2.5736
-3.30638 -14.56572 -43.67095
0 -15.03267 -43.67095
0 -16.51807 2.54729
6.1094 -13.23595 -43.67095
7.98232 -11.24581 -43.67095
7.43038 -14.19372 2.5163
-16.86976 -12.00824 -25.86258
-13.89384 -18.69261 -45.26156
-16.86976 -12.00824 -45.67767
-14.50296 -12.00824 -47.29453
-13.89384 -18.69261 -45.26156
14.50296 -12.00824 -47.29453
13.89384 -17.31573 -24.38676
14.50296 -12.50232 -22.35379
16.86976 -12.50232 -25.86258
13.89384 -18.69261 -45.26156
-13.89384 -18.69261 -45.26156
13.89384 -17.31573 -24.38676
13.89384 -18.69261 -45.26156
16.86976 -12.00824 -45.67767
14.50296 -12.00824 -47.29453
-13.89384 -17.31573 -24.38676
-14.50296 -12.00824 -22.35379
13.89384 -17.31573 -24.38676
23.93287 5.34159 -54.24746
23.93287 -3.92558 -55.23315
23.93287 -3.92558 -54.24746
22.18263 -1.96288 -54.24746
7.47194 -1.96288 -55.97683
22.18263 -1.96288 -55.6622
7.47194 -1.96288 -54.24746
23.93287 5.34159 -56.31942
-31.69517 -3.65726 -1.6838
-33.94628 -2.50111 -0.6399
-30.35289 -3.9062 1.48646
-32.604 -2.75005 2.53036
-29.44907 -2.34186 -2.5315
-30.35795 -1.40576 1.68494
-31.70023 -1.15683 -1.48531
-28.10679 -2.59079 0.63875
-33.08874 -3.56465 -5.71626
-32.18491 -2.00031 -9.73423
-34.43101 -3.31572 -8.88652
-30.84263 -2.24925 -6.56397
-36.68212 -2.15956 -7.84262
-33.09379 -1.06421 -5.51778
-35.33984 -2.4085 -4.67237
-34.43607 -0.81528 -8.68804
34.07064 -1.02902 -8.69033
34.06558 -3.52946 -8.88881
36.31675 -2.34443 -7.84262
34.97447 -2.59336 -4.67237
30.47726 -2.43411 -6.56397
32.72836 -1.27796 -5.52008
31.81954 -2.18517 -9.73423
32.7233 -3.77839 -5.71856
29.99252 -1.6195 1.68265
27.74142 -2.77566 0.63875
31.3348 -1.37057 -1.48761
29.08369 -2.52672 -2.5315
32.23862 -2.93491 2.53036
31.32974 -3.87101 -1.68609
29.98746 -4.11994 1.48417
33.5809 -2.68597 -0.6399
-51.99711 -1.18798 -53.18742
-51.99711 -1.18798 -53.18742
-52.68844 -2.44279 -52.96905
-20.96707 -17.88671 -50.90525
52.18022 -1.58187 -53.19209
-21.65841 -19.14151 -50.68689
52.86741 -2.83779 -52.96715
22.34045 -19.14719 -50.76842
4.50034 -7.86345 66.73256
52.69958 0.28045 -53.86367
52.69958 0.28045 -53.86367
52.69958 0.28045 -53.86367
52.37692 -0.45941 -54.02511
10.80967 19.08858 -56.33451
1.97012 -4.99068 71.68252
52.69958 0.28045 -53.86367
10.48701 18.34873 -56.49596
1.97012 -4.99068 71.68252
1.64745 -5.73054 71.52108
-8.45185 -3.87853 -56.44881
-9.33244 0.38201 -55.06798
-8.45185 -3.61956 -54.52836
-8.45185 -3.87853 -56.44881
-6.80704 -3.34964 -60.68671
-7.51531 -0.13115 -61.12073
-8.45185 -3.87853 -56.44881
-8.80382 -4.55165 -56.19954
-6.67117 -7.25516 -55.83497
-9.33244 0.12304 -56.98842
-7.51531 -0.13115 -61.12073
-8.3739 4.10698 -57.52566
-8.3739 4.10698 -57.52566
-6.74435 3.07316 -61.55283
-4.64685 5.62864 -61.89743
-8.3739 4.10698 -57.52566
-6.52722 7.49082 -57.82346
-8.71225 4.8287 -57.46448
-8.3739 4.10698 -57.52566
-8.71225 5.04569 -55.85538
-8.3739 4.36595 -55.60521
-5.76606 7.28422 -57.95411
-2.02546 9.28444 -56.26847
-2.02546 9.02546 -58.18891
1.68555 6.99727 -62.08199
2.10704 8.98584 -58.18357
5.81296 7.1732 -57.93914
2.10704 9.24482 -56.26312
2.10704 8.98584 -58.18357
5.81296 7.1732 -57.93914
6.71346 2.94414 -61.53543
8.35827 3.94656 -57.50402
5.81296 7.1732 -57.93914
1.68555 6.99727 -62.08199
4.66625 5.53935 -61.88539
5.81296 7.1732 -57.93914
8.71024 4.66166 -57.44195
6.57759 7.36518 -57.80652
5.81296 7.1732 -57.93914
6.57759 7.58216 -56.19743
5.81296 7.43218 -56.01869
9.23886 -0.05501 -56.96441
8.35827 4.20553 -55.58358
8.35827 3.94656 -57.50402
9.23886 -0.05501 -56.96441
8.28032 -3.77998 -54.50673
9.23887 0.20396 -55.04397
9.23886 -0.05501 -56.96441
6.71346 2.94414 -61.53543
7.42173 -0.27435 -61.10141
8.28032 -4.03895 -56.42718
6.65077 -3.47866 -60.66931
5.67249 -7.21619 -55.99873
8.28032 -4.03895 -56.42718
8.61867 -4.71869 -56.17701
8.28032 -3.77998 -54.50673
5.67249 -7.21619 -55.99873
1.93188 -8.69846 -53.84347
5.67249 -6.95722 -54.07828
4.55327 -6.03414 -60.32471
5.67249 -7.21619 -55.99873
6.43365 -7.38081 -55.81802
8.61867 -4.71869 -56.17701
1.93188 -8.95744 -55.76392
1.54467 -7.43464 -60.13585
-2.20062 -8.91781 -55.76926
-2.20062 -8.91781 -55.76926
-2.20062 -8.65884 -53.84882
1.93188 -8.69846 -53.84347
-2.20062 -8.91781 -55.76926
-1.77914 -7.40277 -60.14015
-4.75983 -5.94485 -60.33675
-5.90654 -7.10517 -56.0137
-4.75983 -5.94485 -60.33675
-8.45185 -3.87853 -56.44881
-5.76606 7.54319 -56.03366
-6.52722 7.70781 -56.21438
-6.52722 7.49082 -57.82346
8.35827 4.20553 -55.58358
8.71024 4.87865 -55.83286
8.71024 4.66166 -57.44195
6.65077 -3.47866 -60.66931
5.66206 -2.99507 -60.73453
7.42173 -0.27435 -61.10141
1.68555 6.99727 -62.08199
-1.40331 5.96155 -61.94232
1.42982 5.93439 -61.93866
-5.75564 2.58957 -61.48761
-6.41279 -0.14172 -61.1193
-5.95208 0.28153 -57.94727
-5.75564 2.58957 -61.48761
-5.80908 -2.88509 -60.74936
-5.39206 -2.2633 -57.6041
-5.95208 0.28153 -57.94727
-4.06408 -5.09719 -60.45105
-3.77334 -4.31531 -57.32739
-5.80908 -2.88509 -60.74936
-1.5234 -6.33989 -60.28348
-1.41654 -5.46807 -57.17195
-3.77334 -4.31531 -57.32739
1.30974 -6.36705 -60.27981
3.8742 -5.1733 -60.44079
5.2489 -2.36532 -57.59035
3.59043 -4.38591 -57.31788
6.31921 -0.26378 -61.10284
5.2489 -2.36532 -57.59035
5.66206 -2.99507 -60.73453
6.31921 -0.26378 -61.10284
5.29848 2.71313 -58.27518
5.8585 0.1683 -57.93201
3.9705 4.69169 -61.77108
5.29848 2.71313 -58.27518
5.7155 2.47959 -61.47278
1.42982 5.93439 -61.93866
1.32296 5.9179 -58.70734
3.9705 4.69169 -61.77108
-3.96778 4.7678 -61.78135
-3.68401 4.83574 -58.5614
-1.40331 5.96155 -61.94232
-5.75564 2.58957 -61.48761
-5.34248 2.81515 -58.28893
-3.68401 4.83574 -58.5614
-5.95208 0.28153 -57.94727
-5.39206 -2.2633 -57.6041
-3.77334 -4.31531 -57.32739
-1.25071 -4.77883 -57.26489
-3.32218 -3.76563 -57.40151
1.21156 -5.49327 -57.16855
-1.25071 -4.77883 -57.26489
-1.41654 -5.46807 -57.17195
3.59043 -4.38591 -57.31788
3.15008 -3.82769 -57.39315
4.65134 2.41189 -58.23456
3.67976 4.76514 -58.55189
3.2286 4.21546 -58.47777
-1.30514 5.9431 -58.71074
6.43365 -7.16382 -54.20894
8.61867 -4.5017 -54.56793
8.61867 -4.71869 -56.17701
-6.67117 -7.25516 -55.83497
-6.67117 -7.03818 -54.22587
-5.90654 -6.8462 -54.09325
-4.74492 -1.96205 -57.64472
-4.87371 0.09612 -59.2442
-5.23713 0.27468 -57.94636
-4.74492 -1.96205 -57.64472
-3.09284 -3.66129 -58.73751
-4.41595 -1.984 -58.9637
-1.25071 -4.77883 -57.26489
-1.16641 -4.60355 -58.61045
-3.09284 -3.66129 -58.73751
1.05922 -4.80098 -57.2619
0.98177 -4.62415 -58.60767
-1.25071 -4.77883 -57.26489
2.92624 -3.719 -58.72973
5.14356 0.17515 -57.93293
4.28185 -2.06739 -58.95245
4.60776 -2.05172 -57.63264
5.14356 0.17515 -57.93293
4.32238 2.08368 -59.51222
4.78013 0.00356 -59.23172
3.2286 4.21546 -58.47777
4.32238 2.08368 -59.51222
4.65134 2.41189 -58.23456
3.2286 4.21546 -58.47777
1.07283 4.70323 -59.86547
2.99925 3.76097 -59.73841
-1.1528 5.25081 -58.61739
-1.07535 4.72382 -59.86825
1.07283 4.70323 -59.86547
-4.70134 2.50156 -58.24664
-3.01982 3.81868 -59.74619
-3.24366 4.27752 -58.48613
-4.87371 0.09612 -59.2442
-4.37543 2.16707 -59.52347
-4.70134 2.50156 -58.24664
-4.41595 -1.984 -58.9637
-2.93563 -1.45195 -60.22115
-4.87371 0.09612 -59.2442
-3.09284 -3.66129 -58.73751
-2.0608 -2.56095 -60.07161
-2.93563 -1.45195 -60.22115
0.98177 -4.62415 -58.60767
-0.78707 -3.18396 -59.98759
-1.16641 -4.60355 -58.61045
0.63328 -3.19758 -59.98576
4.28185 -2.06739 -58.95245
1.91894 -2.59911 -60.06646
2.92624 -3.719 -58.72973
4.78013 0.00356 -59.23172
3.14471 -0.1378 -60.39837
4.28185 -2.06739 -58.95245
2.99925 3.76097 -59.73841
1.96722 2.34656 -60.73338
4.32238 2.08368 -59.51222
1.07283 4.70323 -59.86547
0.69349 2.96956 -60.8174
1.96722 2.34656 -60.73338
-3.01982 3.81868 -59.74619
-0.72686 2.98318 -60.81923
-1.07535 4.72382 -59.86825
-3.01982 3.81868 -59.74619
-2.90884 1.29269 -60.59127
-2.01252 2.38471 -60.73853
-3.23829 -0.0766 -60.40662
1.91894 -2.59911 -60.06646
2.81526 -1.50709 -60.21372
-0.78707 -3.18396 -59.98759
3.14471 -0.1378 -60.39837
-0.72686 2.98318 -60.81923
-2.01252 2.38471 -60.73853
-0.35438 -6.165 81.71
21.65326 -17.89127 -50.99337
20.0925 -19.0975 -52.96
-19.39 -19.0975 -52.87
0.25312 0.2025 -55.615
-54.8775 0 -55.48
-19.39 -19.0975 -52.87
-20.96707 -17.88671 -50.90525
-0.35438 -6.165 81.71
-10.39687 20.0525 -58.27
9.305 20.1475 -58.18
-0.35438 -6.165 81.71
9.305 20.1475 -58.18
0.25312 0.2025 -55.615
55.08 -0.405 -55.48
-18.3528 2.71472 -57.34282
-28.32523 8.18678 -57.34282
-28.32523 8.18678 -55.0695
-28.32523 2.71472 -57.34282
3.46029 11.14063 -34.00715
3.46029 20.45012 -58.78561
3.46029 8.10991 -57.87169
-3.46029 20.45012 -58.78561
3.46029 15.99319 -34.00715
-3.46029 11.14063 -34.00715
27.71233 2.71472 -55.0695
27.71233 8.18678 -57.34282
27.71233 2.71472 -57.34282
17.73989 8.18678 -57.34282
13.962 -18.34373 -54.65865
-13.962 -18.34373 -54.65865
13.962 -18.34373 -52.17608
13.962 -12.368 -52.17608
13.962 -12.368 -54.65865
-13.962 -12.368 -52.17608
-13.962 -12.368 -54.65865
-13.962 -18.34373 -52.17608
-8.14587 -14.68184 2.54729
-8.14587 -14.68184 2.54729
-7.45804 -14.33024 2.5736
-4.40851 -16.45487 2.54729
-4.40851 -16.45487 -43.67095
0 -17.07747 2.54729
8.14587 -14.68184 2.54729
8.14587 -14.68184 -43.67095
4.40851 -16.45487 2.54729
8.14587 -14.68184 2.54729
7.43038 -14.19372 2.5163
10.64309 -12.02832 2.54729
-9.38624 -12.24259 2.54729
-7.45804 -14.33024 2.5736
-10.64309 -12.02832 2.54729
-3.94016 -15.91355 2.53147
-3.30638 -14.56572 -43.67095
0 -16.51807 2.54729
0 -16.51807 2.54729
3.30638 -14.56572 -43.67095
3.88342 -15.91355 2.49976
3.88342 -15.91355 2.49976
7.43038 -14.19372 2.5163
4.40851 -16.45487 2.54729
7.43038 -14.19372 2.5163
7.98232 -11.24581 -43.67095
9.49635 -12.24259 2.54729
-7.98232 -11.24581 -43.67095
-6.1094 -13.23595 -43.67095
-7.45804 -14.33024 2.5736
3.30638 -14.56572 -43.67095
6.1094 -13.23595 -43.67095
7.43038 -14.19372 2.5163
-16.86976 -12.00824 -25.86258
-14.50296 -12.00824 -22.35379
-13.89384 -17.31573 -24.38676
-16.86976 -12.00824 -45.67767
-13.89384 -18.69261 -45.26156
-14.50296 -12.00824 -47.29453
13.89384 -18.69261 -45.26156
13.89384 -17.31573 -24.38676
16.86976 -12.50232 -25.86258
16.86976 -12.00824 -45.67767
13.89384 -17.31573 -24.38676
-14.50296 -12.00824 -22.35379
14.50296 -12.50232 -22.35379
-13.89384 -17.31573 -24.38676
-24.33467 -3.92558 -54.24746
-7.87375 -3.92558 -55.97683
-24.33467 -3.92558 -55.23315
-22.58443 -1.96288 -54.24746
-22.58443 -1.96288 -55.6622
-7.87375 -1.96288 -54.24746
-7.87375 -1.96288 -55.97683
-7.87375 -3.92558 -54.24746
-24.33467 -3.92558 -55.23315
-22.58443 -1.96288 -55.6622
-24.33467 5.34159 -56.31942
-22.58443 5.34159 -56.31942
23.93287 -3.92558 -54.24746
23.93287 -3.92558 -55.23315
7.47194 -3.92558 -54.24746
7.47194 -3.92558 -55.97683
23.93287 -3.92558 -55.23315
22.18263 5.34159 -56.31942
22.18263 -1.96288 -55.6622
23.93287 5.34159 -56.31942
-30.35289 -3.9062 1.48646
-30.35795 -1.40576 1.68494
-28.10679 -2.59079 0.63875
-29.44907 -2.34186 -2.5315
-33.94628 -2.50111 -0.6399
-31.69517 -3.65726 -1.6838
-32.604 -2.75005 2.53036
-31.70023 -1.15683 -1.48531
-34.43101 -3.31572 -8.88652
-36.68212 -2.15956 -7.84262
-33.08874 -3.56465 -5.71626
-35.33984 -2.4085 -4.67237
-32.18491 -2.00031 -9.73423
-33.09379 -1.06421 -5.51778
-34.43607 -0.81528 -8.68804
-30.84263 -2.24925 -6.56397
32.72836 -1.27796 -5.52008
30.47726 -2.43411 -6.56397
34.07064 -1.02902 -8.69033
31.81954 -2.18517 -9.73423
34.97447 -2.59336 -4.67237
34.06558 -3.52946 -8.88881
32.7233 -3.77839 -5.71856
36.31675 -2.34443 -7.84262
31.3348 -1.37057 -1.48761
31.32974 -3.87101 -1.68609
33.5809 -2.68597 -0.6399
32.23862 -2.93491 2.53036
27.74142 -2.77566 0.63875
29.99252 -1.6195 1.68265
29.08369 -2.52672 -2.5315
29.98746 -4.11994 1.48417
-4.32245 -6.57861 66.7706
-4.32245 -6.57861 66.7706
-52.68844 -2.44279 -52.96905
-51.99711 -1.18798 -53.18742
3.81314 -6.60753 66.50762
52.18022 -1.58187 -53.19209
4.50034 -7.86345 66.73256
3.81314 -6.60753 66.50762
-5.01379 -7.83342 66.98896
52.86741 -2.83779 -52.96715
-9.33244 0.12304 -56.98842
-9.33244 0.38201 -55.06798
-8.45185 -3.87853 -56.44881
-8.3739 4.10698 -57.52566
-8.3739 4.36595 -55.60521
-9.33244 0.38201 -55.06798
-5.76606 7.28422 -57.95411
-6.52722 7.49082 -57.82346
-8.3739 4.10698 -57.52566
-2.02546 9.02546 -58.18891
-5.76606 7.54319 -56.03366
-5.76606 7.28422 -57.95411
-2.02546 9.02546 -58.18891
-1.63825 7.02914 -62.08629
1.68555 6.99727 -62.08199
5.81296 7.1732 -57.93914
5.81296 7.43218 -56.01869
2.10704 9.24482 -56.26312
9.23886 -0.05501 -56.96441
9.23887 0.20396 -55.04397
8.35827 4.20553 -55.58358
9.23886 -0.05501 -56.96441
7.42173 -0.27435 -61.10141
6.65077 -3.47866 -60.66931
8.28032 -4.03895 -56.42718
8.28032 -3.77998 -54.50673
9.23886 -0.05501 -56.96441
1.93188 -8.95744 -55.76392
-2.20062 -8.91781 -55.76926
-5.90654 -6.8462 -54.09325
-2.20062 -8.65884 -53.84882
-2.20062 -8.91781 -55.76926
-4.75983 -5.94485 -60.33675
-5.90654 -7.10517 -56.0137
-5.90654 -7.10517 -56.0137
-6.67117 -7.25516 -55.83497
-5.90654 -6.8462 -54.09325
-8.45185 -3.61956 -54.52836
-8.80382 -4.33466 -54.59044
-8.45185 -3.87853 -56.44881
8.35827 4.20553 -55.58358
8.71024 4.66166 -57.44195
8.35827 3.94656 -57.50402
5.67249 -6.95722 -54.07828
6.43365 -7.16382 -54.20894
5.67249 -7.21619 -55.99873
3.8742 -5.1733 -60.44079
4.55327 -6.03414 -60.32471
6.71346 2.94414 -61.53543
3.9705 4.69169 -61.77108
5.7155 2.47959 -61.47278
3.9705 4.69169 -61.77108
1.30974 -6.36705 -60.27981
1.21156 -5.49327 -57.16855
-1.5234 -6.33989 -60.28348
5.7155 2.47959 -61.47278
5.29848 2.71313 -58.27518
6.31921 -0.26378 -61.10284
3.9705 4.69169 -61.77108
1.32296 5.9179 -58.70734
3.67976 4.76514 -58.55189
-1.40331 5.96155 -61.94232
-1.30514 5.9431 -58.71074
1.32296 5.9179 -58.70734
-5.95208 0.28153 -57.94727
-3.68401 4.83574 -58.5614
-1.1528 5.25081 -58.61739
-1.30514 5.9431 -58.71074
-3.24366 4.27752 -58.48613
-8.71225 4.8287 -57.46448
-8.71225 5.04569 -55.85538
-8.3739 4.10698 -57.52566
-6.52722 7.70781 -56.21438
-8.71225 5.04569 -55.85538
-6.52722 7.49082 -57.82346
6.57759 7.36518 -57.80652
6.57759 7.58216 -56.19743
5.81296 7.1732 -57.93914
8.71024 4.87865 -55.83286
6.57759 7.58216 -56.19743
8.71024 4.66166 -57.44195
8.61867 -4.71869 -56.17701
8.61867 -4.5017 -54.56793
8.28032 -3.77998 -54.50673
6.43365 -7.38081 -55.81802
6.43365 -7.16382 -54.20894
8.61867 -4.71869 -56.17701
-8.80382 -4.55165 -56.19954
-8.80382 -4.33466 -54.59044
-6.67117 -7.25516 -55.83497
-5.23713 0.27468 -57.94636
-4.70134 2.50156 -58.24664
-5.95208 0.28153 -57.94727
-3.32218 -3.76563 -57.40151
-3.09284 -3.66129 -58.73751
-4.74492 -1.96205 -57.64472
4.60776 -2.05172 -57.63264
4.28185 -2.06739 -58.95245
3.15008 -3.82769 -57.39315
-1.1528 5.25081 -58.61739
1.07283 4.70323 -59.86547
1.15713 5.22866 -58.6144
-3.24366 4.27752 -58.48613
-3.01982 3.81868 -59.74619
-1.1528 5.25081 -58.61739
-3.09284 -3.66129 -58.73751
-0.78707 -3.18396 -59.98759
-2.0608 -2.56095 -60.07161
4.28185 -2.06739 -58.95245
3.14471 -0.1378 -60.39837
2.81526 -1.50709 -60.21372
4.32238 2.08368 -59.51222
3.14471 -0.1378 -60.39837
4.78013 0.00356 -59.23172
4.32238 2.08368 -59.51222
1.96722 2.34656 -60.73338
2.84205 1.23755 -60.58383
-1.07535 4.72382 -59.86825
-0.72686 2.98318 -60.81923
1.07283 4.70323 -59.86547
-4.37543 2.16707 -59.52347
-2.90884 1.29269 -60.59127
-3.01982 3.81868 -59.74619
-3.23829 -0.0766 -60.40662
-2.90884 1.29269 -60.59127
-4.87371 0.09612 -59.2442
0.63328 -3.19758 -59.98576
1.91894 -2.59911 -60.06646
55.08 -0.405 -55.48
0.25312 0.2025 -55.615
20.0925 -19.0975 -52.96
55.08 -0.405 -55.48
52.18022 -1.58187 -53.19209
-0.35438 -6.165 81.71
20.0925 -19.0975 -52.96
-19.39 -19.0975 -52.87
-0.35438 -6.165 81.71
-54.8775 0 -55.48
0.25312 0.2025 -55.615
-10.39687 20.0525 -58.27
-54.8775 0 -55.48
-20.96707 -17.88671 -50.90525
-19.39 -19.0975 -52.87
-18.3528 8.18678 -55.0695
-18.3528 8.18678 -57.34282
-28.32523 2.71472 -57.34282
-18.3528 2.71472 -57.34282
-28.32523 2.71472 -55.0695
3.46029 15.99319 -34.00715
-3.46029 20.45012 -58.78561
27.71233 8.18678 -55.0695
27.71233 2.71472 -57.34282
17.73989 2.71472 -55.0695
17.73989 8.18678 -57.34282
13.962 -12.368 -54.65865
-13.962 -18.34373 -54.65865
13.962 -18.34373 -54.65865
13.962 -12.368 -52.17608
-13.962 -18.34373 -52.17608
0 -17.07747 2.54729
4.40851 -16.45487 2.54729
4.40851 -16.45487 -43.67095
8.14587 -14.68184 2.54729
-7.45804 -14.33024 2.5736
-3.30638 -14.56572 -43.67095
-3.94016 -15.91355 2.53147
-3.94016 -15.91355 2.53147
0 -16.51807 2.54729
-4.40851 -16.45487 2.54729
0 -15.03267 -43.67095
3.30638 -14.56572 -43.67095
0 -16.51807 2.54729
-16.86976 -12.00824 -25.86258
-13.89384 -17.31573 -24.38676
-13.89384 -18.69261 -45.26156
13.89384 -17.31573 -24.38676
16.86976 -12.00824 -45.67767
13.89384 -18.69261 -45.26156
-24.33467 -3.92558 -54.24746
-24.33467 5.34159 -56.31942
-24.33467 5.34159 -54.24746
-22.58443 5.34159 -54.24746
-22.58443 -1.96288 -55.6622
-22.58443 -1.96288 -54.24746
-24.33467 -3.92558 -55.23315
-24.33467 -3.92558 -55.23315
-7.87375 -3.92558 -55.97683
-22.58443 -1.96288 -55.6622
-22.58443 5.34159 -56.31942
-7.87375 -1.96288 -55.97683
-30.35289 -3.9062 1.48646
-29.44907 -2.34186 -2.5315
-31.69517 -3.65726 -1.6838
-28.10679 -2.59079 0.63875
-33.94628 -2.50111 -0.6399
-30.35795 -1.40576 1.68494
-32.604 -2.75005 2.53036
-31.70023 -1.15683 -1.48531
-33.08874 -3.56465 -5.71626
-33.09379 -1.06421 -5.51778
-30.84263 -2.24925 -6.56397
-32.18491 -2.00031 -9.73423
-36.68212 -2.15956 -7.84262
-34.43101 -3.31572 -8.88652
-35.33984 -2.4085 -4.67237
-34.43607 -0.81528 -8.68804
34.07064 -1.02902 -8.69033
34.97447 -2.59336 -4.67237
32.72836 -1.27796 -5.52008
36.31675 -2.34443 -7.84262
30.47726 -2.43411 -6.56397
34.06558 -3.52946 -8.88881
31.81954 -2.18517 -9.73423
32.7233 -3.77839 -5.71856
31.3348 -1.37057 -1.48761
32.23862 -2.93491 2.53036
29.99252 -1.6195 1.68265
33.5809 -2.68597 -0.6399
27.74142 -2.77566 0.63875
31.32974 -3.87101 -1.68609
29.08369 -2.52672 -2.5315
29.98746 -4.11994 1.48417
-51.99711 -1.18798 -53.18742
-20.96707 -17.88671 -50.90525
-21.65841 -19.14151 -50.68689
-4.32245 -6.57861 66.7706
3.81314 -6.60753 66.50762
21.65326 -17.89127 -50.99337
22.34045 -19.14719 -50.76842
52.18022 -1.58187 -53.19209
-5.01379 -7.83342 66.98896
52.86741 -2.83779 -52.96715
-2.02546 9.28444 -56.26847
-8.80382 -4.33466 -54.59044
-6.67117 -7.03818 -54.22587
-6.67117 -7.25516 -55.83497
2.81526 -1.50709 -60.21372
3.14471 -0.1378 -60.39837
-0.35438 -6.165 81.71
-11.89551 18.99261 -56.41848
-10.39687 20.0525 -58.27
-54.8775 0 -55.48
-52.51509 0.68072 -53.87066
-0.35438 -6.165 81.71
-10.39687 20.0525 -58.27
-11.89551 18.99261 -56.41848
-54.8775 0 -55.48
-28.32523 8.18678 -57.34282
-18.3528 8.18678 -55.0695
-13.962 -12.368 -54.65865
22.18263 -1.96288 -54.24746
22.18263 5.34159 -56.31942
22.18263 5.34159 -54.24746
23.93287 -3.92558 -55.23315
7.47194 -1.96288 -55.97683
7.47194 -3.92558 -55.97683
22.18263 -1.96288 -55.6622
22.18263 -1.96288 -55.6622
3.81314 -6.60753 66.50762
4.50034 -7.86345 66.73256
21.65326 -17.89127 -50.99337
-21.65841 -19.14151 -50.68689
-52.68844 -2.44279 -52.96905
-5.01379 -7.83342 66.98896
22.34045 -19.14719 -50.76842
-2.72474 -4.94914 71.41084
-2.72474 -4.94914 71.41084
-2.40148 -5.68868 71.24913
-11.89551 18.99261 -56.41848
-52.51509 0.68072 -53.87066
-52.51509 0.68072 -53.87066
-2.72474 -4.94914 71.41084
-11.57226 18.25306 -56.58019
-52.51509 0.68072 -53.87066
-52.19184 -0.05882 -54.03237

FACES
0 0 0	0 0 0	3	0 1 2
0 0 0	0 0 0	3	3 4 5
0 0 0	0 0 0	3	6 7 8
0 0 0	0 0 0	3	9 10 11
0 0 0	0 0 0	3	12 13 14
0 0 0	0 0 0	3	15 16 17
0 0 0	0 0 0	3	18 19 20
0 0 0	0 0 0	3	21 22 23
0 0 0	0 0 0	3	24 25 26
0 0 0	0 0 0	3	27 28 29
0 0 0	0 0 0	3	30 31 32
0 0 0	0 0 0	3	33 34 35
0 0 0	0 0 0	3	36 37 38
0 0 0	0 0 0	3	39 40 41
0 0 0	0 0 0	3	42 43 44
0 0 0	0 0 0	3	45 46 47
0 0 0	0 0 0	3	48 49 50
0 0 0	0 0 0	3	51 52 53
0 0 0	0 0 0	3	54 55 56
0 0 0	0 0 0	3	57 58 59
0 0 0	0 0 0	3	60 61 62
0 0 0	0 0 0	3	63 64 65
0 0 0	0 0 0	3	66 67 68
0 0 0	0 0 0	3	69 70 67
0 0 0	0 0 0	3	71 72 69
0 0 0	0 0 0	3	73 74 72
0 0 0	0 0 0	3	75 76 77
0 0 0	0 0 0	3	78 79 80
0 0 0	0 0 0	3	81 82 79
0 0 0	0 0 0	3	83 84 85
0 0 0	0 0 0	3	86 87 88
0 0 0	0 0 0	3	89 90 87
0 0 0	0 0 0	3	91 92 93
0 0 0	0 0 0	3	94 92 68
0 0 0	0 0 0	3	95 96 97
0 0 0	0 0 0	3	98 99 100
0 0 0	0 0 0	3	101 102 103
0 0 0	0 0 0	3	104 105 106
0 0 0	0 0 0	3	107 108 109
0 0 0	0 0 0	3	110 111 112
0 0 0	0 0 0	3	113 114 115
0 0 0	0 0 0	3	116 117 118
0 0 0	0 0 0	3	119 120 121
0 0 0	0 0 0	3	122 123 124
0 0 0	0 0 0	3	125 126 127
0 0 0	0 0 0	3	128 129 130
0 0 0	0 0 0	3	131 132 133
0 0 0	0 0 0	3	134 135 136
0 0 0	0 0 0	3	137 138 139
0 0 0	0 0 0	3	140 141 142
0 0 0	0 0 0	3	143 144 145
0 0 0	0 0 0	3	143 146 147
0 0 0	0 0 0	3	148 146 149
0 0 0	0 0 0	3	150 151 152
0 0 0	0 0 0	3	153 151 154
0 0 0	0 0 0	3	153 155 156
0 0 0	0 0 0	3	157 158 159
0 0 0	0 0 0	3	160 161 162
0 0 0	0 0 0	3	163 164 165
0 0 0	0 0 0	3	166 167 168
0 0 0	0 0 0	3	169 170 171
0 0 0	0 0 0	3	172 173 174
0 0 0	0 0 0	3	175 176 177
0 0 0	0 0 0	3	178 179 180
0 0 0	0 0 0	3	181 182 183
0 0 0	0 0 0	3	184 185 186
0 0 0	0 0 0	3	187 188 189
0 0 0	0 0 0	3	190 191 192
0 0 0	0 0 0	3	193 194 195
0 0 0	0 0 0	3	196 197 198
0 0 0	0 0 0	3	199 200 201
0 0 0	0 0 0	3	202 203 204
0 0 0	0 0 0	3	205 206 207
0 0 0	0 0 0	3	208 209 210
0 0 0	0 0 0	3	211 212 213
0 0 0	0 0 0	3	214 215 216
0 0 0	0 0 0	3	217 218 219
0 0 0	0 0 0	3	220 221 222
0 0 0	0 0 0	3	223 224 225
0 0 0	0 0 0	3	226 227 228
0 0 0	0 0 0	3	229 230 231
0 0 0	0 0 0	3	232 233 234
0 0 0	0 0 0	3	235 236 237
0 0 0	0 0 0	3	238 239 240
0 0 0	0 0 0	3	241 242 243
0 0 0	0 0 0	3	244 245 246
0 0 0	0 0 0	3	247 248 249
0 0 0	0 0 0	3	250 251 252
0 0 0	0 0 0	3	253 254 255
0 0 0	0 0 0	3	256 257 258
0 0 0	0 0 0	3	259 260 261
0 0 0	0 0 0	3	262 263 264
0 0 0	0 0 0	3	265 266 267
0 0 0	0 0 0	3	268 269 270
0 0 0	0 0 0	3	271 272 273
0 0 0	0 0 0	3	274 275 276
0 0 0	0 0 0	3	277 278 279
0 0 0	0 0 0	3	280 281 282
0 0 0	0 0 0	3	283 284 285
0 0 0	0 0 0	3	286 287 288
0 0 0	0 0 0	3	289 290 291
0 0 0	0 0 0	3	292 293 294
0 0 0	0 0 0	3	295 296 297
0 0 0	0 0 0	3	298 299 300
0 0 0	0 0 0	3	301 302 303
0 0 0	0 0 0	3	304 305 306
0 0 0	0 0 0	3	307 308 309
0 0 0	0 0 0	3	310 311 312
0 0 0	0 0 0	3	313 314 315
0 0 0	0 0 0	3	316 317 318
0 0 0	0 0 0	3	319 320 321
0 0 0	0 0 0	3	322 323 324
0 0 0	0 0 0	3	325 326 327
0 0 0	0 0 0	3	328 329 330
0 0 0	0 0 0	3	331 332 333
0 0 0	0 0 0	3	334 335 336
0 0 0	0 0 0	3	337 338 339
0 0 0	0 0 0	3	340 341 342
0 0 0	0 0 0	3	343 344 345
0 0 0	0 0 0	3	346 347 348
0 0 0	0 0 0	3	349 350 351
0 0 0	0 0 0	3	352 353 354
0 0 0	0 0 0	3	355 356 357
0 0 0	0 0 0	3	358 359 360
0 0 0	0 0 0	3	361 362 363
0 0 0	0 0 0	3	364 365 366
0 0 0	0 0 0	3	367 368 369
0 0 0	0 0 0	3	370 371 372
0 0 0	0 0 0	3	373 374 375
0 0 0	0 0 0	3	376 377 378
0 0 0	0 0 0	3	379 380 381
0 0 0	0 0 0	3	382 380 379
0 0 0	0 0 0	3	383 377 376
0 0 0	0 0 0	3	384 385 386
0 0 0	0 0 0	3	386 385 387
0 0 0	0 0 0	3	388 389 390
0 0 0	0 0 0	3	391 389 388
0 0 0	0 0 0	3	392 393 394
0 0 0	0 0 0	3	395 393 392
0 0 0	0 0 0	3	396 397 398
0 0 0	0 0 0	3	399 397 396
0 0 0	0 0 0	3	400 401 402
0 0 0	0 0 0	3	403 404 405
0 0 0	0 0 0	3	406 401 400
0 0 0	0 0 0	3	407 404 403
0 0 0	0 0 0	3	408 409 410
0 0 0	0 0 0	3	410 409 411
0 0 0	0 0 0	3	412 413 414
0 0 0	0 0 0	3	415 413 412
0 0 0	0 0 0	3	416 252 251
0 0 0	0 0 0	3	417 418 419
0 0 0	0 0 0	3	420 264 263
0 0 0	0 0 0	3	421 419 418
0 0 0	0 0 0	3	422 423 424
0 0 0	0 0 0	3	425 255 254
0 0 0	0 0 0	3	426 257 256
0 0 0	0 0 0	3	427 428 429
0 0 0	0 0 0	3	430 270 269
0 0 0	0 0 0	3	430 428 431
0 0 0	0 0 0	3	269 432 433
0 0 0	0 0 0	3	428 430 434
0 0 0	0 0 0	3	434 433 432
0 0 0	0 0 0	3	434 432 428
0 0 0	0 0 0	3	432 429 428
0 0 0	0 0 0	3	435 436 437
0 0 0	0 0 0	3	438 439 440
0 0 0	0 0 0	3	441 442 443
0 0 0	0 0 0	3	444 445 446
0 0 0	0 0 0	3	447 448 449
0 0 0	0 0 0	3	450 451 452
0 0 0	0 0 0	3	453 454 455
0 0 0	0 0 0	3	456 19 18
0 0 0	0 0 0	3	23 22 457
0 0 0	0 0 0	3	458 459 460
0 0 0	0 0 0	3	461 462 463
0 0 0	0 0 0	3	464 465 466
0 0 0	0 0 0	3	467 468 469
0 0 0	0 0 0	3	470 471 472
0 0 0	0 0 0	3	473 474 475
0 0 0	0 0 0	3	476 477 478
0 0 0	0 0 0	3	479 480 481
0 0 0	0 0 0	3	482 483 484
0 0 0	0 0 0	3	485 486 487
0 0 0	0 0 0	3	488 489 490
0 0 0	0 0 0	3	491 492 493
0 0 0	0 0 0	3	39 494 40
0 0 0	0 0 0	3	495 496 497
0 0 0	0 0 0	3	498 499 500
0 0 0	0 0 0	3	501 502 503
0 0 0	0 0 0	3	504 505 506
0 0 0	0 0 0	3	507 508 509
0 0 0	0 0 0	3	510 511 512
0 0 0	0 0 0	3	513 514 515
0 0 0	0 0 0	3	68 67 94
0 0 0	0 0 0	3	68 92 91
0 0 0	0 0 0	3	69 67 66
0 0 0	0 0 0	3	69 72 70
0 0 0	0 0 0	3	73 72 71
0 0 0	0 0 0	3	516 517 76
0 0 0	0 0 0	3	518 79 78
0 0 0	0 0 0	3	85 84 81
0 0 0	0 0 0	3	519 520 521
0 0 0	0 0 0	3	89 87 86
0 0 0	0 0 0	3	89 522 90
0 0 0	0 0 0	3	523 524 525
0 0 0	0 0 0	3	526 527 528
0 0 0	0 0 0	3	529 530 531
0 0 0	0 0 0	3	532 533 534
0 0 0	0 0 0	3	107 109 535
0 0 0	0 0 0	3	536 537 538
0 0 0	0 0 0	3	539 540 541
0 0 0	0 0 0	3	542 543 544
0 0 0	0 0 0	3	545 546 547
0 0 0	0 0 0	3	548 549 550
0 0 0	0 0 0	3	551 552 553
0 0 0	0 0 0	3	554 555 556
0 0 0	0 0 0	3	557 161 160
0 0 0	0 0 0	3	134 136 558
0 0 0	0 0 0	3	559 560 561
0 0 0	0 0 0	3	562 563 564
0 0 0	0 0 0	3	565 566 562
0 0 0	0 0 0	3	143 147 144
0 0 0	0 0 0	3	149 146 143
0 0 0	0 0 0	3	148 567 146
0 0 0	0 0 0	3	568 569 148
0 0 0	0 0 0	3	153 156 151
0 0 0	0 0 0	3	570 155 153
0 0 0	0 0 0	3	571 572 573
0 0 0	0 0 0	3	574 575 576
0 0 0	0 0 0	3	577 578 579
0 0 0	0 0 0	3	580 581 582
0 0 0	0 0 0	3	583 584 585
0 0 0	0 0 0	3	586 587 588
0 0 0	0 0 0	3	181 589 182
0 0 0	0 0 0	3	590 591 592
0 0 0	0 0 0	3	593 594 595
0 0 0	0 0 0	3	596 597 598
0 0 0	0 0 0	3	599 600 601
0 0 0	0 0 0	3	602 603 604
0 0 0	0 0 0	3	605 606 607
0 0 0	0 0 0	3	608 609 610
0 0 0	0 0 0	3	611 612 613
0 0 0	0 0 0	3	614 615 616
0 0 0	0 0 0	3	617 618 619
0 0 0	0 0 0	3	222 221 620
0 0 0	0 0 0	3	621 622 623
0 0 0	0 0 0	3	624 625 626
0 0 0	0 0 0	3	627 628 629
0 0 0	0 0 0	3	630 631 632
0 0 0	0 0 0	3	633 634 635
0 0 0	0 0 0	3	636 637 638
0 0 0	0 0 0	3	249 248 639
0 0 0	0 0 0	3	243 247 249
0 0 0	0 0 0	3	640 641 642
0 0 0	0 0 0	3	246 245 643
0 0 0	0 0 0	3	644 645 245
0 0 0	0 0 0	3	646 647 648
0 0 0	0 0 0	3	649 650 651
0 0 0	0 0 0	3	652 653 654
0 0 0	0 0 0	3	655 656 657
0 0 0	0 0 0	3	658 659 660
0 0 0	0 0 0	3	661 277 279
0 0 0	0 0 0	3	662 663 664
0 0 0	0 0 0	3	665 666 667
0 0 0	0 0 0	3	283 668 284
0 0 0	0 0 0	3	669 287 286
0 0 0	0 0 0	3	670 281 280
0 0 0	0 0 0	3	671 672 673
0 0 0	0 0 0	3	300 299 674
0 0 0	0 0 0	3	675 676 677
0 0 0	0 0 0	3	304 678 305
0 0 0	0 0 0	3	679 680 681
0 0 0	0 0 0	3	309 308 682
0 0 0	0 0 0	3	683 311 310
0 0 0	0 0 0	3	684 685 686
0 0 0	0 0 0	3	316 687 317
0 0 0	0 0 0	3	325 327 688
0 0 0	0 0 0	3	689 690 691
0 0 0	0 0 0	3	692 693 694
0 0 0	0 0 0	3	695 696 697
0 0 0	0 0 0	3	698 699 700
0 0 0	0 0 0	3	701 702 703
0 0 0	0 0 0	3	704 705 706
0 0 0	0 0 0	3	707 708 709
0 0 0	0 0 0	3	710 711 712
0 0 0	0 0 0	3	713 714 715
0 0 0	0 0 0	3	716 717 718
0 0 0	0 0 0	3	719 720 721
0 0 0	0 0 0	3	363 362 722
0 0 0	0 0 0	3	723 724 725
0 0 0	0 0 0	3	726 727 728
0 0 0	0 0 0	3	368 729 369
0 0 0	0 0 0	3	730 731 732
0 0 0	0 0 0	3	733 734 735
0 0 0	0 0 0	3	735 734 736
0 0 0	0 0 0	3	737 731 730
0 0 0	0 0 0	3	738 739 740
0 0 0	0 0 0	3	740 739 741
0 0 0	0 0 0	3	742 743 744
0 0 0	0 0 0	3	744 743 745
0 0 0	0 0 0	3	746 747 748
0 0 0	0 0 0	3	749 747 746
0 0 0	0 0 0	3	750 751 752
0 0 0	0 0 0	3	753 754 755
0 0 0	0 0 0	3	756 751 750
0 0 0	0 0 0	3	757 754 753
0 0 0	0 0 0	3	758 759 760
0 0 0	0 0 0	3	760 759 761
0 0 0	0 0 0	3	762 763 764
0 0 0	0 0 0	3	765 763 762
0 0 0	0 0 0	3	766 767 768
0 0 0	0 0 0	3	768 767 769
0 0 0	0 0 0	3	770 771 772
0 0 0	0 0 0	3	773 771 770
0 0 0	0 0 0	3	774 775 776
0 0 0	0 0 0	3	777 778 779
0 0 0	0 0 0	3	780 775 774
0 0 0	0 0 0	3	781 778 777
0 0 0	0 0 0	3	782 654 653
0 0 0	0 0 0	3	783 784 785
0 0 0	0 0 0	3	786 647 646
0 0 0	0 0 0	3	787 788 789
0 0 0	0 0 0	3	790 784 783
0 0 0	0 0 0	3	788 787 791
0 0 0	0 0 0	3	792 793 794
0 0 0	0 0 0	3	795 796 797
0 0 0	0 0 0	3	798 799 800
0 0 0	0 0 0	3	801 802 803
0 0 0	0 0 0	3	804 805 806
0 0 0	0 0 0	3	807 808 809
0 0 0	0 0 0	3	810 811 812
0 0 0	0 0 0	3	813 814 815
0 0 0	0 0 0	3	816 817 818
0 0 0	0 0 0	3	819 492 491
0 0 0	0 0 0	3	820 821 822
0 0 0	0 0 0	3	823 824 825
0 0 0	0 0 0	3	826 827 828
0 0 0	0 0 0	3	829 830 831
0 0 0	0 0 0	3	832 833 834
0 0 0	0 0 0	3	835 836 837
0 0 0	0 0 0	3	73 838 74
0 0 0	0 0 0	3	78 838 839
0 0 0	0 0 0	3	81 79 518
0 0 0	0 0 0	3	840 841 842
0 0 0	0 0 0	3	519 521 843
0 0 0	0 0 0	3	844 845 846
0 0 0	0 0 0	3	847 848 849
0 0 0	0 0 0	3	850 851 852
0 0 0	0 0 0	3	853 854 855
0 0 0	0 0 0	3	558 136 856
0 0 0	0 0 0	3	140 144 141
0 0 0	0 0 0	3	857 858 859
0 0 0	0 0 0	3	162 161 860
0 0 0	0 0 0	3	861 862 863
0 0 0	0 0 0	3	864 865 866
0 0 0	0 0 0	3	867 868 869
0 0 0	0 0 0	3	870 871 872
0 0 0	0 0 0	3	873 874 875
0 0 0	0 0 0	3	876 877 878
0 0 0	0 0 0	3	879 880 881
0 0 0	0 0 0	3	882 883 884
0 0 0	0 0 0	3	885 886 887
0 0 0	0 0 0	3	888 889 890
0 0 0	0 0 0	3	891 892 893
0 0 0	0 0 0	3	894 895 896
0 0 0	0 0 0	3	897 898 899
0 0 0	0 0 0	3	900 901 902
0 0 0	0 0 0	3	903 904 905
0 0 0	0 0 0	3	906 907 908
0 0 0	0 0 0	3	909 910 911
0 0 0	0 0 0	3	912 913 914
0 0 0	0 0 0	3	915 916 917
0 0 0	0 0 0	3	918 919 243
0 0 0	0 0 0	3	242 247 243
0 0 0	0 0 0	3	920 921 922
0 0 0	0 0 0	3	923 924 925
0 0 0	0 0 0	3	926 927 928
0 0 0	0 0 0	3	929 930 931
0 0 0	0 0 0	3	932 933 934
0 0 0	0 0 0	3	271 935 272
0 0 0	0 0 0	3	936 937 938
0 0 0	0 0 0	3	664 663 939
0 0 0	0 0 0	3	665 940 666
0 0 0	0 0 0	3	941 290 289
0 0 0	0 0 0	3	671 942 672
0 0 0	0 0 0	3	295 297 943
0 0 0	0 0 0	3	293 944 294
0 0 0	0 0 0	3	945 302 301
0 0 0	0 0 0	3	946 947 948
0 0 0	0 0 0	3	949 680 679
0 0 0	0 0 0	3	676 950 677
0 0 0	0 0 0	3	951 320 319
0 0 0	0 0 0	3	324 323 952
0 0 0	0 0 0	3	691 690 953
0 0 0	0 0 0	3	331 333 954
0 0 0	0 0 0	3	955 956 957
0 0 0	0 0 0	3	958 959 960
0 0 0	0 0 0	3	961 962 963
0 0 0	0 0 0	3	964 965 966
0 0 0	0 0 0	3	967 968 969
0 0 0	0 0 0	3	970 971 972
0 0 0	0 0 0	3	973 974 975
0 0 0	0 0 0	3	976 971 970
0 0 0	0 0 0	3	977 978 979
0 0 0	0 0 0	3	980 974 973
0 0 0	0 0 0	3	979 978 981
0 0 0	0 0 0	3	982 983 984
0 0 0	0 0 0	3	985 983 982
0 0 0	0 0 0	3	986 987 988
0 0 0	0 0 0	3	989 987 986
0 0 0	0 0 0	3	990 991 992
0 0 0	0 0 0	3	993 994 995
0 0 0	0 0 0	3	996 991 990
0 0 0	0 0 0	3	997 994 993
0 0 0	0 0 0	3	998 999 1000
0 0 0	0 0 0	3	1001 999 998
0 0 0	0 0 0	3	1002 1003 1004
0 0 0	0 0 0	3	1005 1003 1002
0 0 0	0 0 0	3	1006 1007 1008
0 0 0	0 0 0	3	1009 1007 1006
0 0 0	0 0 0	3	1010 1011 1012
0 0 0	0 0 0	3	1013 1011 1010
0 0 0	0 0 0	3	933 932 1014
0 0 0	0 0 0	3	1015 1016 1017
0 0 0	0 0 0	3	1018 925 924
0 0 0	0 0 0	3	1019 1020 1021
0 0 0	0 0 0	3	1022 1017 1016
0 0 0	0 0 0	3	1023 1021 1020
0 0 0	0 0 0	3	801 1024 802
0 0 0	0 0 0	3	1025 1026 1027
0 0 0	0 0 0	3	1028 1029 239
0 0 0	0 0 0	3	1030 1031 1032
0 0 0	0 0 0	3	1033 1034 1035
0 0 0	0 0 0	3	1036 1037 1038
0 0 0	0 0 0	3	936 1039 937
0 0 0	0 0 0	3	1040 275 274
0 0 0	0 0 0	3	946 1041 947
0 0 0	0 0 0	3	1042 1043 1044
0 0 0	0 0 0	3	1045 1046 1047
0 0 0	0 0 0	3	1048 1043 1042
0 0 0	0 0 0	3	1049 1046 1045
0 0 0	0 0 0	3	1050 1051 1052
0 0 0	0 0 0	3	1053 1054 1055
0 0 0	0 0 0	3	1056 1052 1051
0 0 0	0 0 0	3	1057 1035 1034
0 0 0	0 0 0	3	1058 1031 1030
0 0 0	0 0 0	3	1058 1059 1060
0 0 0	0 0 0	3	1061 1038 1037
0 0 0	0 0 0	3	1062 1059 1063
0 0 0	0 0 0	3	1031 1064 1065
0 0 0	0 0 0	3	1059 1062 1066
0 0 0	0 0 0	3	1066 1065 1064
0 0 0	0 0 0	3	1066 1064 1059
0 0 0	0 0 0	3	1064 1060 1059

TEXTURES
0	1.0 1.0	0.03419 0.91283	0.05563 0.88566	0.0419 0.87905
0	1.0 1.0	0.03419 0.91283	0.05563 0.94	0.04943 0.91283
0	1.0 1.0	0.03419 0.91283	0.03548 0.94519	0.0419 0.94661
0	1.0 1.0	0.04539 0.72151	0.04934 0.73293	0.04934 0.72252
0	1.0 1.0	0.0943 0.78137	0.08187 0.77391	0.08187 0.78137
0	1.0 1.0	0.0635 0.85196	0.09811 0.85178	0.09472 0.83693
0	1.0 1.0	0.14824 0.8167	0.17215 0.80534	0.15083 0.80534
0	1.0 1.0	0.12437 0.8167	0.12437 0.82913	0.14824 0.8167
0	1.0 1.0	0.16059 0.85196	0.15109 0.86387	0.18219 0.87905
0	1.0 1.0	0.18219 0.87905	0.16846 0.88566	0.17467 0.91283
0	1.0 1.0	0.1899 0.91283	0.17467 0.91283	0.18219 0.94661
0	1.0 1.0	0.1899 0.91283	0.19507 0.90877	0.18219 0.87905
0	1.0 1.0	0.18219 0.94661	0.15109 0.96179	0.16059 0.9737
0	1.0 1.0	0.24128 0.83953	0.26519 0.85089	0.26778 0.83953
0	1.0 1.0	0.12937 0.98873	0.15109 0.96179	0.12598 0.97388
0	1.0 1.0	0.12937 0.98873	0.16063 0.98027	0.16059 0.9737
0	1.0 1.0	0.24128 0.83953	0.23738 0.82812	0.23738 0.83853
0	1.0 1.0	0.29166 0.83953	0.26778 0.82711	0.26778 0.83953
0	1.0 1.0	0.0635 0.9737	0.09811 0.97388	0.073 0.96179
0	1.0 1.0	0.22998 0.86269	0.22998 0.85524	0.21755 0.86269
0	1.0 1.0	0.17474 0.82913	0.17865 0.81771	0.17474 0.8167
0	1.0 1.0	0.05563 0.88566	0.073 0.86387	0.0635 0.85196
0	1.0 1.0	0.04943 0.91283	0.05867 0.91283	0.05563 0.88566
0	1.0 1.0	0.05563 0.94	0.06396 0.93599	0.05867 0.91283
0	1.0 1.0	0.073 0.96179	0.07877 0.95456	0.05563 0.94
0	1.0 1.0	0.09811 0.97388	0.10017 0.96487	0.07877 0.95456
0	1.0 1.0	0.12598 0.97388	0.12392 0.96487	0.09811 0.97388
0	1.0 1.0	0.15109 0.96179	0.16014 0.93599	0.14532 0.95456
0	1.0 1.0	0.17467 0.91283	0.16542 0.91283	0.16014 0.93599
0	1.0 1.0	0.15109 0.86387	0.16014 0.88967	0.16846 0.88566
0	1.0 1.0	0.12598 0.85178	0.12392 0.86079	0.15109 0.86387
0	1.0 1.0	0.09811 0.85178	0.10017 0.86079	0.12392 0.86079
0	1.0 1.0	0.073 0.86387	0.07877 0.8711	0.09811 0.85178
0	1.0 1.0	0.06396 0.88967	0.07877 0.8711	0.05563 0.88566
0	1.0 1.0	0.1587 0.78355	0.16856 0.79586	0.16932 0.78355
0	1.0 1.0	0.1587 0.78355	0.14884 0.79586	0.1587 0.79586
0	1.0 1.0	0.13955 0.78355	0.14884 0.79586	0.14807 0.78355
0	1.0 1.0	0.11818 0.74121	0.10116 0.76173	0.11634 0.76173
0	1.0 1.0	0.08365 0.74121	0.08431 0.76173	0.10116 0.76173
0	1.0 1.0	0.06728 0.74121	0.06913 0.76173	0.08365 0.74121
0	1.0 1.0	0.07048 0.71625	0.07124 0.70394	0.06334 0.70394
0	1.0 1.0	0.09173 0.71625	0.09096 0.70394	0.0811 0.70394
0	1.0 1.0	0.22407 0.81507	0.20955 0.79455	0.2077 0.81507
0	1.0 1.0	0.22407 0.81507	0.24158 0.79455	0.22473 0.79455
0	1.0 1.0	0.2586 0.81507	0.24158 0.79455	0.24224 0.81507
0	1.0 1.0	0.16856 0.79586	0.17646 0.79586	0.17785 0.78355
0	1.0 1.0	0.29883 0.88398	0.30021 0.9111	0.30565 0.88726
0	1.0 1.0	0.29883 0.93822	0.30565 0.93493	0.30021 0.9111
0	1.0 1.0	0.31617 0.95996	0.32089 0.95405	0.29883 0.93822
0	1.0 1.0	0.34124 0.97203	0.34292 0.96466	0.32089 0.95405
0	1.0 1.0	0.39412 0.95996	0.36737 0.96466	0.36906 0.97203
0	1.0 1.0	0.39412 0.95996	0.40464 0.93493	0.3894 0.95405
0	1.0 1.0	0.41765 0.9111	0.40464 0.93493	0.41146 0.93822
0	1.0 1.0	0.41765 0.9111	0.40464 0.88726	0.41008 0.9111
0	1.0 1.0	0.39412 0.86223	0.40464 0.88726	0.41146 0.88398
0	1.0 1.0	0.39412 0.86223	0.36737 0.85754	0.3894 0.86814
0	1.0 1.0	0.34124 0.85016	0.34292 0.85754	0.36737 0.85754
0	1.0 1.0	0.31617 0.86223	0.32089 0.86814	0.34124 0.85016
0	1.0 1.0	0.17865 0.81771	0.19865 0.82812	0.19865 0.81771
0	1.0 1.0	0.16056 0.79097	0.17355 0.79721	0.17355 0.79097
0	1.0 1.0	0.29314 0.85763	0.29254 0.86267	0.30009 0.85763
0	1.0 1.0	0.28448 0.85763	0.28448 0.86267	0.29254 0.86267
0	1.0 1.0	0.26887 0.85763	0.27642 0.86267	0.27582 0.85763
0	1.0 1.0	0.23253 0.77549	0.21866 0.78389	0.23107 0.78389
0	1.0 1.0	0.20437 0.77549	0.21866 0.78389	0.21918 0.77549
0	1.0 1.0	0.20437 0.77549	0.19248 0.78389	0.20489 0.78389
0	1.0 1.0	0.15003 0.79586	0.15064 0.79082	0.14418 0.79082
0	1.0 1.0	0.1587 0.79586	0.1587 0.79082	0.15003 0.79586
0	1.0 1.0	0.16736 0.79586	0.16676 0.79082	0.1587 0.79082
0	1.0 1.0	0.17431 0.79586	0.17322 0.79082	0.16736 0.79586
0	1.0 1.0	0.07969 0.73269	0.09399 0.72429	0.08021 0.72429
0	1.0 1.0	0.10785 0.73269	0.1064 0.72429	0.09399 0.72429
0	1.0 1.0	0.07529 0.89556	0.085 0.91312	0.08765 0.90151
0	1.0 1.0	0.07529 0.89556	0.09507 0.8922	0.08652 0.88148
0	1.0 1.0	0.07529 0.93068	0.085 0.91312	0.07128 0.91312
0	1.0 1.0	0.08652 0.94476	0.09507 0.93404	0.07529 0.93068
0	1.0 1.0	0.10275 0.95257	0.1058 0.93921	0.09507 0.93404
0	1.0 1.0	0.12076 0.95257	0.11771 0.93921	0.10275 0.95257
0	1.0 1.0	0.13699 0.94476	0.12844 0.93404	0.11771 0.93921
0	1.0 1.0	0.15223 0.91312	0.13852 0.91312	0.13587 0.92473
0	1.0 1.0	0.13699 0.88148	0.13587 0.90151	0.14822 0.89556
0	1.0 1.0	0.13699 0.88148	0.11771 0.88703	0.12844 0.8922
0	1.0 1.0	0.10275 0.87366	0.1058 0.88703	0.11771 0.88703
0	1.0 1.0	0.08765 0.92473	0.09507 0.93404	0.085 0.91312
0	1.0 1.0	0.13587 0.92473	0.12844 0.8922	0.09507 0.93404
0	1.0 1.0	0.13587 0.90151	0.12844 0.8922	0.13852 0.91312
0	1.0 1.0	0.1058 0.88703	0.09507 0.8922	0.085 0.91312
0	1.0 1.0	0.47846 0.92202	0.66797 0.37544	0.46654 0.92593
0	1.0 1.0	0.29389 0.60342	0.30286 0.5969	0.2632 0.54083
0	1.0 1.0	0.21954 0.05362	0.25766 0.03509	0.23745 0.05738
0	1.0 1.0	0.83201 0.31645	0.7418 0.22786	0.65248 0.3165
0	1.0 1.0	0.68928 0.36942	0.78304 0.94632	0.69914 0.37643
0	1.0 1.0	0.69337 0.1368	0.7418 0.22786	0.78296 0.13642
0	1.0 1.0	0.23416 0.0272	0.23416 0.0272	0.23416 0.0272
0	1.0 1.0	0.07751 0.64891	0.04747 0.57661	0.04747 0.64891
0	1.0 1.0	0.01508 0.47644	0.09627 0.49495	0.09627 0.47644
0	1.0 1.0	0.01566 0.45115	0.01566 0.46966	0.09685 0.46966
0	1.0 1.0	0.08926 0.64439	0.13111 0.61504	0.08926 0.61504
0	1.0 1.0	0.98724 0.06049	0.93959 0.14569	0.98724 0.14569
0	1.0 1.0	0.9458 0.28599	0.98637 0.43358	0.98637 0.28599
0	1.0 1.0	0.09708 0.34671	0.01825 0.32067	0.01825 0.3367
0	1.0 1.0	0.1908 0.58391	0.09244 0.58391	0.1908 0.60633
0	1.0 1.0	0.89843 0.00872	0.81353 0.00872	0.81353 0.05531
0	1.0 1.0	0.01899 0.41124	0.07837 0.41124	0.01899 0.3977
0	1.0 1.0	0.14324 0.57532	0.11321 0.50302	0.11321 0.57532
0	1.0 1.0	0.07071 0.56341	0.04495 0.50141	0.04495 0.56341
0	1.0 1.0	0.03907 0.50237	0.01332 0.50237	0.03907 0.56437
0	1.0 1.0	0.41939 0.398	0.6314 0.41862	0.6314 0.398
0	1.0 1.0	0.43508 0.66866	0.38808 0.71654	0.39824 0.72385
0	1.0 1.0	0.91671 0.79884	0.89502 0.57589	0.89502 0.79884
0	1.0 1.0	0.91671 0.79884	0.93839 0.57589	0.91671 0.57589
0	1.0 1.0	0.3431 0.76078	0.27794 0.76214	0.27795 0.7738
0	1.0 1.0	0.96007 0.79884	0.96007 0.57589	0.93839 0.57589
0	1.0 1.0	0.21264 0.7609	0.16775 0.71377	0.15716 0.72399
0	1.0 1.0	0.64325 0.36716	0.43124 0.36716	0.43124 0.38778
0	1.0 1.0	0.60559 0.46005	0.39339 0.45823	0.60571 0.47618
0	1.0 1.0	0.38808 0.71654	0.33617 0.74952	0.3431 0.76078
0	1.0 1.0	0.27794 0.76214	0.22041 0.74957	0.21264 0.7609
0	1.0 1.0	0.82394 0.57602	0.82681 0.3531	0.80322 0.57554
0	1.0 1.0	0.16775 0.71377	0.13701 0.67309	0.12 0.66866
0	1.0 1.0	0.87559 0.35269	0.85933 0.35312	0.88265 0.57589
0	1.0 1.0	0.85933 0.35312	0.84316 0.35326	0.84322 0.57644
0	1.0 1.0	0.61665 0.44588	0.61667 0.43041	0.40465 0.44742
0	1.0 1.0	0.40177 0.78109	0.45872 0.80379	0.45992 0.78114
0	1.0 1.0	0.40258 0.8125	0.40291 0.82505	0.45152 0.81525
0	1.0 1.0	0.33948 0.82284	0.33873 0.8138	0.33399 0.81478
0	1.0 1.0	0.54264 0.52897	0.36188 0.52897	0.54264 0.65295
0	1.0 1.0	0.44979 0.82769	0.45624 0.81633	0.45152 0.81525
0	1.0 1.0	0.38641 0.82432	0.38775 0.81457	0.33948 0.82284
0	1.0 1.0	0.92347 0.08901	0.91468 0.17168	0.92347 0.17168
0	1.0 1.0	0.80173 0.07921	0.93295 0.06378	0.80173 0.06659
0	1.0 1.0	0.93295 0.07921	0.93295 0.06378	0.80173 0.07921
0	1.0 1.0	0.90499 0.08901	0.91468 0.17168	0.92347 0.08901
0	1.0 1.0	0.45593 0.72217	0.42984 0.73319	0.46982 0.75507
0	1.0 1.0	0.46982 0.75507	0.42984 0.73319	0.44373 0.76609
0	1.0 1.0	0.4436 0.7111	0.45593 0.75507	0.46982 0.72217
0	1.0 1.0	0.42971 0.74401	0.45593 0.75507	0.4436 0.7111
0	1.0 1.0	0.46982 0.75507	0.48203 0.71116	0.45593 0.72217
0	1.0 1.0	0.49592 0.74406	0.48203 0.71116	0.46982 0.75507
0	1.0 1.0	0.49604 0.73324	0.45593 0.75507	0.48216 0.76614
0	1.0 1.0	0.46982 0.72217	0.45593 0.75507	0.49604 0.73324
0	1.0 1.0	0.35587 0.8964	0.35582 0.92235	0.3811 0.90928
0	1.0 1.0	0.33059 0.90928	0.3811 0.90917	0.35582 0.8964
0	1.0 1.0	0.33059 0.90917	0.35582 0.92235	0.35587 0.8964
0	1.0 1.0	0.35587 0.92235	0.3811 0.90917	0.33059 0.90928
0	1.0 1.0	0.46982 0.75507	0.49592 0.74406	0.45593 0.72217
0	1.0 1.0	0.45593 0.72217	0.49592 0.74406	0.48203 0.71116
0	1.0 1.0	0.48216 0.76614	0.46982 0.72217	0.45593 0.75507
0	1.0 1.0	0.49604 0.73324	0.46982 0.72217	0.48216 0.76614
0	1.0 1.0	0.43602 0.94805	0.46654 0.92593	0.66797 0.37544
0	1.0 1.0	0.43717 0.96785	0.43717 0.96785	0.43717 0.96785
0	1.0 1.0	0.93071 0.94533	0.69914 0.37643	0.78304 0.94632
0	1.0 1.0	0.59885 0.96878	0.43717 0.96785	0.43717 0.96785
0	1.0 1.0	0.93717 0.96812	0.77838 0.96918	0.68551 0.35478
0	1.0 1.0	0.05551 0.09374	0.2632 0.54083	0.30286 0.5969
0	1.0 1.0	0.06422 0.0643	0.25766 0.03509	0.21954 0.05362
0	1.0 1.0	0.02571 0.05867	0.02571 0.05867	0.02571 0.05867
0	1.0 1.0	0.27814 0.67428	0.23416 0.0272	0.23416 0.0272
0	1.0 1.0	0.27814 0.67428	0.02571 0.05867	0.27814 0.67428
0	1.0 1.0	0.23416 0.0272	0.23416 0.0272	0.23416 0.0272
0	1.0 1.0	0.02571 0.05867	0.27814 0.67428	0.27814 0.67428
0	1.0 1.0	0.27814 0.67428	0.23416 0.0272	0.23416 0.0272
0	1.0 1.0	0.27814 0.67428	0.23416 0.0272	0.02571 0.05867
0	1.0 1.0	0.23416 0.0272	0.02571 0.05867	0.02571 0.05867
0	1.0 1.0	0.06637 0.78137	0.08187 0.77391	0.06637 0.77391
0	1.0 1.0	0.03419 0.91283	0.04943 0.91283	0.05563 0.88566
0	1.0 1.0	0.03419 0.91283	0.02902 0.91689	0.03548 0.94519
0	1.0 1.0	0.0419 0.87905	0.05563 0.88566	0.0635 0.85196
0	1.0 1.0	0.0635 0.85196	0.073 0.86387	0.09811 0.85178
0	1.0 1.0	0.0635 0.85196	0.08961 0.83279	0.06346 0.84539
0	1.0 1.0	0.0943 0.78137	0.09732 0.77452	0.0943 0.77391
0	1.0 1.0	0.17474 0.8167	0.17215 0.80534	0.14824 0.8167
0	1.0 1.0	0.14824 0.8167	0.12437 0.82913	0.14824 0.82913
0	1.0 1.0	0.12937 0.83693	0.15109 0.86387	0.16059 0.85196
0	1.0 1.0	0.1742 0.79036	0.18663 0.79782	0.18663 0.79036
0	1.0 1.0	0.18219 0.87905	0.17467 0.91283	0.1899 0.91283
0	1.0 1.0	0.18219 0.87905	0.15109 0.86387	0.16846 0.88566
0	1.0 1.0	0.18219 0.87905	0.19507 0.90877	0.18861 0.88047
0	1.0 1.0	0.0492 0.7465	0.04429 0.75792	0.0492 0.75893
0	1.0 1.0	0.1432 0.79036	0.1587 0.79782	0.1587 0.79036
0	1.0 1.0	0.1432 0.79036	0.13077 0.79782	0.1432 0.79782
0	1.0 1.0	0.18219 0.94661	0.17467 0.91283	0.16846 0.94
0	1.0 1.0	0.16059 0.9737	0.15109 0.96179	0.12937 0.98873
0	1.0 1.0	0.13077 0.79036	0.12775 0.79097	0.13077 0.79782
0	1.0 1.0	0.24128 0.83953	0.26778 0.82711	0.24128 0.82711
0	1.0 1.0	0.24128 0.83953	0.24388 0.85089	0.26519 0.85089
0	1.0 1.0	0.12937 0.98873	0.13448 0.99287	0.16063 0.98027
0	1.0 1.0	0.09472 0.98873	0.09811 0.97388	0.0635 0.9737
0	1.0 1.0	0.29166 0.83953	0.29166 0.82711	0.26778 0.82711
0	1.0 1.0	0.0635 0.9737	0.073 0.96179	0.05563 0.94
0	1.0 1.0	0.0419 0.94661	0.05563 0.94	0.03419 0.91283
0	1.0 1.0	0.17474 0.82913	0.17865 0.82812	0.17865 0.81771
0	1.0 1.0	0.13346 0.75864	0.12951 0.75965	0.12951 0.77006
0	1.0 1.0	0.05563 0.88566	0.05867 0.91283	0.06396 0.88967
0	1.0 1.0	0.05563 0.88566	0.07877 0.8711	0.073 0.86387
0	1.0 1.0	0.05563 0.94	0.05867 0.91283	0.04943 0.91283
0	1.0 1.0	0.05563 0.94	0.07877 0.95456	0.06396 0.93599
0	1.0 1.0	0.09811 0.97388	0.07877 0.95456	0.073 0.96179
0	1.0 1.0	0.15109 0.96179	0.14532 0.95456	0.12392 0.96487
0	1.0 1.0	0.16846 0.94	0.16014 0.93599	0.15109 0.96179
0	1.0 1.0	0.16846 0.88566	0.16014 0.88967	0.17467 0.91283
0	1.0 1.0	0.15109 0.86387	0.12392 0.86079	0.14532 0.8711
0	1.0 1.0	0.09811 0.85178	0.12392 0.86079	0.12598 0.85178
0	1.0 1.0	0.09811 0.85178	0.07877 0.8711	0.10017 0.86079
0	1.0 1.0	0.16932 0.78355	0.16856 0.79586	0.17785 0.78355
0	1.0 1.0	0.1587 0.78355	0.1587 0.79586	0.16856 0.79586
0	1.0 1.0	0.14807 0.78355	0.14884 0.79586	0.1587 0.78355
0	1.0 1.0	0.13955 0.78355	0.14094 0.79586	0.14884 0.79586
0	1.0 1.0	0.08365 0.74121	0.10116 0.76173	0.10182 0.74121
0	1.0 1.0	0.08365 0.74121	0.06913 0.76173	0.08431 0.76173
0	1.0 1.0	0.07048 0.71625	0.06334 0.70394	0.06195 0.71625
0	1.0 1.0	0.07048 0.71625	0.0811 0.70394	0.07124 0.70394
0	1.0 1.0	0.09173 0.71625	0.0811 0.70394	0.0811 0.71625
0	1.0 1.0	0.10025 0.71625	0.09886 0.70394	0.09173 0.71625
0	1.0 1.0	0.24224 0.81507	0.24158 0.79455	0.22407 0.81507
0	1.0 1.0	0.2586 0.81507	0.25676 0.79455	0.24158 0.79455
0	1.0 1.0	0.29883 0.88398	0.32089 0.86814	0.31617 0.86223
0	1.0 1.0	0.29883 0.93822	0.30021 0.9111	0.29264 0.9111
0	1.0 1.0	0.29883 0.93822	0.32089 0.95405	0.30565 0.93493
0	1.0 1.0	0.34124 0.97203	0.32089 0.95405	0.31617 0.95996
0	1.0 1.0	0.36906 0.97203	0.36737 0.96466	0.34124 0.97203
0	1.0 1.0	0.39412 0.95996	0.3894 0.95405	0.36737 0.96466
0	1.0 1.0	0.41146 0.93822	0.40464 0.93493	0.39412 0.95996
0	1.0 1.0	0.41765 0.9111	0.41008 0.9111	0.40464 0.93493
0	1.0 1.0	0.41146 0.88398	0.40464 0.88726	0.41765 0.9111
0	1.0 1.0	0.39412 0.86223	0.3894 0.86814	0.40464 0.88726
0	1.0 1.0	0.36906 0.85016	0.36737 0.85754	0.39412 0.86223
0	1.0 1.0	0.23738 0.82812	0.21737 0.82812	0.21737 0.83853
0	1.0 1.0	0.03965 1.47784	0.03965 1.46743	0.03474 1.46642
0	1.0 1.0	0.28448 0.85763	0.29254 0.86267	0.29314 0.85763
0	1.0 1.0	0.28448 0.85763	0.27642 0.86267	0.28448 0.86267
0	1.0 1.0	0.26887 0.85763	0.26996 0.86267	0.27642 0.86267
0	1.0 1.0	0.21918 0.77549	0.21866 0.78389	0.23253 0.77549
0	1.0 1.0	0.20437 0.77549	0.20489 0.78389	0.21866 0.78389
0	1.0 1.0	0.15003 0.79586	0.14418 0.79082	0.14309 0.79586
0	1.0 1.0	0.15003 0.79586	0.1587 0.79082	0.15064 0.79082
0	1.0 1.0	0.16736 0.79586	0.1587 0.79082	0.1587 0.79586
0	1.0 1.0	0.16736 0.79586	0.17322 0.79082	0.16676 0.79082
0	1.0 1.0	0.07969 0.73269	0.08021 0.72429	0.0678 0.72429
0	1.0 1.0	0.10785 0.73269	0.09399 0.72429	0.09451 0.73269
0	1.0 1.0	0.29254 0.86267	0.299 0.86267	0.30009 0.85763
0	1.0 1.0	0.07128 0.91312	0.085 0.91312	0.07529 0.89556
0	1.0 1.0	0.07529 0.93068	0.08765 0.92473	0.085 0.91312
0	1.0 1.0	0.10275 0.95257	0.09507 0.93404	0.08652 0.94476
0	1.0 1.0	0.10275 0.95257	0.11771 0.93921	0.1058 0.93921
0	1.0 1.0	0.13699 0.94476	0.11771 0.93921	0.12076 0.95257
0	1.0 1.0	0.14822 0.93068	0.13587 0.92473	0.13699 0.94476
0	1.0 1.0	0.14822 0.89556	0.13587 0.90151	0.15223 0.91312
0	1.0 1.0	0.13699 0.88148	0.12844 0.8922	0.13587 0.90151
0	1.0 1.0	0.10275 0.87366	0.11771 0.88703	0.12076 0.87366
0	1.0 1.0	0.10275 0.87366	0.09507 0.8922	0.1058 0.88703
0	1.0 1.0	0.085 0.91312	0.09507 0.8922	0.08765 0.90151
0	1.0 1.0	0.09507 0.93404	0.1058 0.88703	0.085 0.91312
0	1.0 1.0	0.11771 0.93921	0.12844 0.93404	0.09507 0.93404
0	1.0 1.0	0.13852 0.91312	0.12844 0.8922	0.13587 0.92473
0	1.0 1.0	0.11771 0.88703	0.1058 0.88703	0.12844 0.8922
0	1.0 1.0	0.68551 0.35478	0.77838 0.96918	0.68551 0.35478
0	1.0 1.0	0.65248 0.3165	0.7418 0.22786	0.49111 0.22886
0	1.0 1.0	0.59885 0.96878	0.59885 0.96878	0.59885 0.96878
0	1.0 1.0	0.32375 0.02689	0.23416 0.0272	0.27814 0.67428
0	1.0 1.0	0.78296 0.13642	0.7418 0.22786	0.99111 0.23068
0	1.0 1.0	0.09685 0.45115	0.01566 0.45115	0.09685 0.46966
0	1.0 1.0	0.10842 0.50287	0.07838 0.50287	0.10842 0.57517
0	1.0 1.0	0.10041 0.37736	0.01856 0.34661	0.02158 0.38737
0	1.0 1.0	0.98724 0.06049	0.93959 0.06049	0.93959 0.14569
0	1.0 1.0	0.9458 0.43358	0.98637 0.43358	0.9458 0.28599
0	1.0 1.0	0.13111 0.64439	0.13111 0.61504	0.08926 0.64439
0	1.0 1.0	0.04298 0.64512	0.01295 0.57282	0.01295 0.64512
0	1.0 1.0	0.01899 0.3977	0.07837 0.41124	0.07837 0.3977
0	1.0 1.0	0.12022 0.42065	0.01629 0.42065	0.12022 0.42989
0	1.0 1.0	0.07071 0.56341	0.07071 0.50141	0.04495 0.50141
0	1.0 1.0	0.01605 0.43943	0.07192 0.44439	0.07192 0.43943
0	1.0 1.0	0.03907 0.56437	0.01332 0.50237	0.01332 0.56437
0	1.0 1.0	0.41939 0.41862	0.6314 0.41862	0.41939 0.398
0	1.0 1.0	0.39824 0.72385	0.38808 0.71654	0.3431 0.76078
0	1.0 1.0	0.91671 0.79884	0.91671 0.57589	0.89502 0.57589
0	1.0 1.0	0.96007 0.79884	0.93839 0.57589	0.93839 0.79884
0	1.0 1.0	0.98176 0.79884	0.98176 0.57589	0.96007 0.79884
0	1.0 1.0	0.15716 0.72399	0.16775 0.71377	0.12 0.66866
0	1.0 1.0	0.41653 0.67312	0.38808 0.71654	0.43508 0.66866
0	1.0 1.0	0.86256 0.57617	0.85933 0.35312	0.84322 0.57644
0	1.0 1.0	0.84322 0.57644	0.82681 0.3531	0.82394 0.57602
0	1.0 1.0	0.22041 0.74957	0.16775 0.71377	0.21264 0.7609
0	1.0 1.0	0.40465 0.44742	0.61667 0.43041	0.40449 0.43165
0	1.0 1.0	0.39339 0.45823	0.39339 0.4737	0.60571 0.47618
0	1.0 1.0	0.82681 0.3531	0.81055 0.35269	0.80322 0.57554
0	1.0 1.0	0.39244 0.81576	0.38775 0.81457	0.38641 0.82432
0	1.0 1.0	0.39777 0.81304	0.40291 0.82505	0.40258 0.8125
0	1.0 1.0	0.45152 0.81525	0.40291 0.82505	0.44979 0.82769
0	1.0 1.0	0.39509 0.79922	0.39629 0.78234	0.33819 0.7809
0	1.0 1.0	0.33948 0.82284	0.38775 0.81457	0.33873 0.8138
0	1.0 1.0	0.36188 0.52897	0.36188 0.65295	0.54264 0.65295
0	1.0 1.0	0.54277 0.14484	0.63479 0.13437	0.54272 0.13932
0	1.0 1.0	0.9365 0.09192	0.9365 0.0793	0.80526 0.09178
0	1.0 1.0	0.80526 0.09178	0.9365 0.0793	0.80529 0.07636
0	1.0 1.0	0.63488 0.14404	0.63479 0.13437	0.54277 0.14484
0	1.0 1.0	0.54272 0.13932	0.552 0.12765	0.54008 0.08717
0	1.0 1.0	0.54008 0.08717	0.552 0.12765	0.54986 0.08667
0	1.0 1.0	0.62073 0.14497	0.62057 0.13946	0.52869 0.14763
0	1.0 1.0	0.52869 0.14763	0.62057 0.13946	0.52841 0.13796
0	1.0 1.0	0.62057 0.13946	0.61164 0.08711	0.61089 0.12813
0	1.0 1.0	0.62143 0.08727	0.61164 0.08711	0.62057 0.13946
0	1.0 1.0	0.35582 0.92289	0.35587 0.89694	0.33059 0.91001
0	1.0 1.0	0.3811 0.91001	0.33059 0.91012	0.35587 0.92289
0	1.0 1.0	0.3811 0.91012	0.35587 0.89694	0.35582 0.92289
0	1.0 1.0	0.35582 0.89694	0.33059 0.91012	0.3811 0.91001
0	1.0 1.0	0.45593 0.72217	0.42984 0.73319	0.46982 0.75507
0	1.0 1.0	0.46982 0.75507	0.42984 0.73319	0.44373 0.76609
0	1.0 1.0	0.4436 0.7111	0.45593 0.75507	0.46982 0.72217
0	1.0 1.0	0.42971 0.74401	0.45593 0.75507	0.4436 0.7111
0	1.0 1.0	0.46982 0.75507	0.49592 0.74406	0.45593 0.72217
0	1.0 1.0	0.45593 0.72217	0.49592 0.74406	0.48203 0.71116
0	1.0 1.0	0.48216 0.76614	0.46982 0.72217	0.45593 0.75507
0	1.0 1.0	0.49604 0.73324	0.46982 0.72217	0.48216 0.76614
0	1.0 1.0	0.35587 0.8964	0.35582 0.92235	0.3811 0.90928
0	1.0 1.0	0.33059 0.90928	0.3811 0.90917	0.35582 0.8964
0	1.0 1.0	0.33059 0.90917	0.35582 0.92235	0.35587 0.8964
0	1.0 1.0	0.35587 0.92235	0.3811 0.90917	0.33059 0.90928
0	1.0 1.0	0.68551 0.35478	0.59885 0.96878	0.59885 0.96878
0	1.0 1.0	0.68551 0.35478	0.43717 0.96785	0.68551 0.35478
0	1.0 1.0	0.68551 0.35478	0.77838 0.96918	0.68551 0.35478
0	1.0 1.0	0.93717 0.96812	0.68551 0.35478	0.93717 0.96812
0	1.0 1.0	0.68551 0.35478	0.43717 0.96785	0.68551 0.35478
0	1.0 1.0	0.68551 0.35478	0.93717 0.96812	0.93717 0.96812
0	1.0 1.0	0.08187 0.78137	0.08187 0.77391	0.06637 0.78137
0	1.0 1.0	0.0943 0.78137	0.0943 0.77391	0.08187 0.77391
0	1.0 1.0	0.09472 0.83693	0.08961 0.83279	0.0635 0.85196
0	1.0 1.0	0.14824 0.8167	0.17474 0.82913	0.17474 0.8167
0	1.0 1.0	0.12937 0.83693	0.12598 0.85178	0.15109 0.86387
0	1.0 1.0	0.1742 0.79036	0.1742 0.79782	0.18663 0.79782
0	1.0 1.0	0.1432 0.79036	0.1432 0.79782	0.1587 0.79782
0	1.0 1.0	0.18219 0.94661	0.16846 0.94	0.15109 0.96179
0	1.0 1.0	0.13077 0.79036	0.13077 0.79782	0.1432 0.79036
0	1.0 1.0	0.26778 0.83953	0.26778 0.82711	0.24128 0.83953
0	1.0 1.0	0.21755 0.86269	0.22998 0.85524	0.21755 0.85524
0	1.0 1.0	0.0635 0.9737	0.05563 0.94	0.0419 0.94661
0	1.0 1.0	0.03474 1.47885	0.03965 1.47784	0.03474 1.46642
0	1.0 1.0	0.04539 0.73394	0.04934 0.73293	0.04539 0.72151
0	1.0 1.0	0.13346 0.75864	0.12951 0.77006	0.13346 0.77107
0	1.0 1.0	0.24128 0.82711	0.23738 0.82812	0.24128 0.83953
0	1.0 1.0	0.09811 0.97388	0.12392 0.96487	0.10017 0.96487
0	1.0 1.0	0.15109 0.96179	0.12392 0.96487	0.12598 0.97388
0	1.0 1.0	0.17467 0.91283	0.16014 0.93599	0.16846 0.94
0	1.0 1.0	0.17467 0.91283	0.16014 0.88967	0.16542 0.91283
0	1.0 1.0	0.15109 0.86387	0.14532 0.8711	0.16014 0.88967
0	1.0 1.0	0.10182 0.74121	0.10116 0.76173	0.11818 0.74121
0	1.0 1.0	0.0811 0.71625	0.0811 0.70394	0.07048 0.71625
0	1.0 1.0	0.09173 0.71625	0.09886 0.70394	0.09096 0.70394
0	1.0 1.0	0.22407 0.81507	0.22473 0.79455	0.20955 0.79455
0	1.0 1.0	0.29264 0.9111	0.30021 0.9111	0.29883 0.88398
0	1.0 1.0	0.34124 0.97203	0.36737 0.96466	0.34292 0.96466
0	1.0 1.0	0.34124 0.85016	0.36737 0.85754	0.36906 0.85016
0	1.0 1.0	0.34124 0.85016	0.32089 0.86814	0.34292 0.85754
0	1.0 1.0	0.09732 0.78076	0.09732 0.77452	0.0943 0.78137
0	1.0 1.0	0.17865 0.82812	0.19865 0.82812	0.17865 0.81771
0	1.0 1.0	0.04429 0.74751	0.04429 0.75792	0.0492 0.7465
0	1.0 1.0	0.16056 0.79721	0.17355 0.79721	0.16056 0.79097
0	1.0 1.0	0.12775 0.79097	0.12775 0.79721	0.13077 0.79782
0	1.0 1.0	0.23738 0.83853	0.23738 0.82812	0.21737 0.83853
0	1.0 1.0	0.20577 0.84634	0.20577 0.8401	0.19279 0.84634
0	1.0 1.0	0.30565 0.88726	0.32089 0.86814	0.29883 0.88398
0	1.0 1.0	0.27582 0.85763	0.27642 0.86267	0.28448 0.85763
0	1.0 1.0	0.19103 0.77549	0.19248 0.78389	0.20437 0.77549
0	1.0 1.0	0.07969 0.73269	0.0678 0.72429	0.06635 0.73269
0	1.0 1.0	0.09451 0.73269	0.09399 0.72429	0.07969 0.73269
0	1.0 1.0	0.07529 0.93068	0.09507 0.93404	0.08765 0.92473
0	1.0 1.0	0.13699 0.94476	0.13587 0.92473	0.12844 0.93404
0	1.0 1.0	0.15223 0.91312	0.13587 0.92473	0.14822 0.93068
0	1.0 1.0	0.15223 0.91312	0.13587 0.90151	0.13852 0.91312
0	1.0 1.0	0.12076 0.87366	0.11771 0.88703	0.13699 0.88148
0	1.0 1.0	0.08652 0.88148	0.09507 0.8922	0.10275 0.87366
0	1.0 1.0	0.08765 0.90151	0.09507 0.8922	0.07529 0.89556
0	1.0 1.0	0.1058 0.93921	0.11771 0.93921	0.09507 0.93404
0	1.0 1.0	0.12844 0.8922	0.1058 0.88703	0.09507 0.93404
0	1.0 1.0	0.99111 0.23068	0.7418 0.22786	0.83201 0.31645
0	1.0 1.0	0.83761 0.91627	0.91746 0.94501	0.89297 0.91985
0	1.0 1.0	0.77838 0.96918	0.59885 0.96878	0.68551 0.35478
0	1.0 1.0	0.49111 0.22886	0.7418 0.22786	0.69337 0.1368
0	1.0 1.0	0.67434 0.37926	0.59583 0.95693	0.67635 0.39727
0	1.0 1.0	0.07751 0.64891	0.07751 0.57661	0.04747 0.57661
0	1.0 1.0	0.9895 0.00874	0.90459 0.05532	0.9895 0.05532
0	1.0 1.0	0.10842 0.57517	0.07838 0.50287	0.07838 0.57517
0	1.0 1.0	0.10041 0.37736	0.10041 0.36133	0.01856 0.34661
0	1.0 1.0	0.1001 0.30595	0.01825 0.32067	0.09708 0.34671
0	1.0 1.0	0.04298 0.64512	0.04298 0.57282	0.01295 0.57282
0	1.0 1.0	0.89843 0.00872	0.81353 0.05531	0.89843 0.05531
0	1.0 1.0	0.09244 0.58391	0.09244 0.60633	0.1908 0.60633
0	1.0 1.0	0.14324 0.50302	0.11321 0.50302	0.14324 0.57532
0	1.0 1.0	0.80592 0.00839	0.57078 0.05871	0.80592 0.05871
0	1.0 1.0	0.01605 0.44439	0.07192 0.44439	0.01605 0.43943
0	1.0 1.0	0.01629 0.42065	0.01629 0.42989	0.12022 0.42989
0	1.0 1.0	0.93839 0.79884	0.93839 0.57589	0.91671 0.79884
0	1.0 1.0	0.27795 0.7738	0.27794 0.76214	0.21264 0.7609
0	1.0 1.0	0.96007 0.79884	0.98176 0.57589	0.96007 0.57589
0	1.0 1.0	0.64325 0.36716	0.43124 0.38778	0.64325 0.38778
0	1.0 1.0	0.88265 0.57589	0.85933 0.35312	0.86256 0.57617
0	1.0 1.0	0.33617 0.74952	0.27794 0.76214	0.3431 0.76078
0	1.0 1.0	0.84316 0.35326	0.82681 0.3531	0.84322 0.57644
0	1.0 1.0	0.40177 0.78109	0.40297 0.79924	0.45872 0.80379
0	1.0 1.0	0.39509 0.79922	0.33819 0.7809	0.33937 0.80353
0	1.0 1.0	0.9113 0.16056	0.92978 0.07789	0.9113 0.07789
0	1.0 1.0	0.92854 0.10775	0.91592 0.17291	0.92854 0.17291
0	1.0 1.0	0.92009 0.16056	0.92978 0.07789	0.9113 0.16056
0	1.0 1.0	0.54272 0.13932	0.63479 0.13437	0.552 0.12765
0	1.0 1.0	0.91006 0.10775	0.91592 0.17291	0.92854 0.10775
0	1.0 1.0	0.552 0.12765	0.63479 0.13437	0.63423 0.1234
0	1.0 1.0	0.46982 0.75507	0.48203 0.71116	0.45593 0.72217
0	1.0 1.0	0.49592 0.74406	0.48203 0.71116	0.46982 0.75507
0	1.0 1.0	0.49604 0.73324	0.45593 0.75507	0.48216 0.76614
0	1.0 1.0	0.46982 0.72217	0.45593 0.75507	0.49604 0.73324
0	1.0 1.0	0.35582 0.92289	0.35587 0.89694	0.33059 0.91001
0	1.0 1.0	0.3811 0.91001	0.33059 0.91012	0.35587 0.92289
0	1.0 1.0	0.3811 0.91012	0.35587 0.89694	0.35582 0.92289
0	1.0 1.0	0.35582 0.89694	0.33059 0.91012	0.3811 0.91001
0	1.0 1.0	0.45593 0.72217	0.44373 0.76609	0.46982 0.75507
0	1.0 1.0	0.42984 0.73319	0.44373 0.76609	0.45593 0.72217
0	1.0 1.0	0.42971 0.74401	0.46982 0.72217	0.4436 0.7111
0	1.0 1.0	0.45593 0.75507	0.46982 0.72217	0.42971 0.74401
0	1.0 1.0	0.45593 0.72217	0.44373 0.76609	0.46982 0.75507
0	1.0 1.0	0.42984 0.73319	0.44373 0.76609	0.45593 0.72217
0	1.0 1.0	0.42971 0.74401	0.46982 0.72217	0.4436 0.7111
0	1.0 1.0	0.45593 0.75507	0.46982 0.72217	0.42971 0.74401
0	1.0 1.0	0.59583 0.95693	0.67434 0.37926	0.43933 0.95603
0	1.0 1.0	0.59885 0.96878	0.59885 0.96878	0.59885 0.96878
0	1.0 1.0	0.67536 0.35498	0.89297 0.91985	0.91746 0.94501
0	1.0 1.0	0.77838 0.96918	0.77838 0.96918	0.77838 0.96918
0	1.0 1.0	0.68551 0.35478	0.59885 0.96878	0.59885 0.96878
0	1.0 1.0	0.93717 0.96812	0.77838 0.96918	0.77838 0.96918
0	1.0 1.0	0.14824 0.8167	0.14824 0.82913	0.17474 0.82913
0	1.0 1.0	0.20577 0.8401	0.19279 0.8401	0.19279 0.84634
0	1.0 1.0	0.12844 0.93404	0.13587 0.92473	0.09507 0.93404
0	1.0 1.0	0.27814 0.67428	0.32375 0.02689	0.27814 0.67428
0	1.0 1.0	0.30637 0.51028	0.51201 0.05327	0.29794 0.52439
0	1.0 1.0	0.51469 0.07538	0.37081 0.03945	0.49982 0.06902
0	1.0 1.0	0.9895 0.00874	0.90459 0.00874	0.90459 0.05532
0	1.0 1.0	0.01508 0.49495	0.09627 0.49495	0.01508 0.47644
0	1.0 1.0	0.80592 0.00839	0.57078 0.00839	0.57078 0.05871
0	1.0 1.0	0.88035 0.15405	0.89682 0.096	0.88035 0.096
0	1.0 1.0	0.62057 0.13946	0.52858 0.12698	0.52841 0.13796
0	1.0 1.0	0.89159 0.15405	0.89682 0.096	0.88035 0.15405
0	1.0 1.0	0.61089 0.12813	0.52858 0.12698	0.62057 0.13946
0	1.0 1.0	0.68551 0.35478	0.68551 0.35478	0.68551 0.35478
0	1.0 1.0	0.59885 0.96878	0.43717 0.96785	0.68551 0.35478
0	1.0 1.0	0.77838 0.96918	0.68551 0.35478	0.68551 0.35478
0	1.0 1.0	0.25382 0.59549	0.29794 0.52439	0.51201 0.05327
0	1.0 1.0	0.27814 0.67428	0.32375 0.02689	0.27814 0.67428
0	1.0 1.0	0.27814 0.67428	0.27814 0.67428	0.27814 0.67428
0	1.0 1.0	0.53238 0.06457	0.49982 0.06902	0.37081 0.03945
0	1.0 1.0	0.52571 0.05829	0.27814 0.67428	0.52571 0.05829
0	1.0 1.0	0.32375 0.02689	0.32375 0.02689	0.32375 0.02689
0	1.0 1.0	0.27814 0.67428	0.52571 0.05829	0.52571 0.05829
0	1.0 1.0	0.52571 0.05829	0.32375 0.02689	0.32375 0.02689
0	1.0 1.0	0.52571 0.05829	0.32375 0.02689	0.27814 0.67428
0	1.0 1.0	0.32375 0.02689	0.27814 0.67428	0.27814 0.67428

NAMES 1
remorse_of_conscience.png

NORMALS
-0.89249 -0.24727 -0.37725
-0.89249 -0.24727 -0.37725
-0.89249 -0.24727 -0.37725
-0.71122 -0.6085 -0.35198
-0.71122 -0.6085 -0.35198
-0.71122 -0.6085 -0.35198
-0.17049 -0.26256 -0.94973
-0.17049 -0.26256 -0.94973
-0.17049 -0.26256 -0.94973
-0.89352 0.44499 -0.06001
-0.89352 0.44499 -0.06001
-0.89352 0.44499 -0.06001
-0.97273 0.22986 -0.031
-0.97273 0.22986 -0.031
-0.97273 0.22986 -0.031
-0.72506 0.53697 -0.43123
-0.72506 0.53697 -0.43123
-0.72506 0.53697 -0.43123
-0.4001 0.79895 -0.44899
-0.4001 0.79895 -0.44899
-0.4001 0.79895 -0.44899
0.00967 0.99098 -0.13363
0.00967 0.99098 -0.13363
0.00967 0.99098 -0.13363
0.41642 0.79088 -0.44845
0.41642 0.79088 -0.44845
0.41642 0.79088 -0.44845
0.73605 0.52261 -0.43025
0.73605 0.52261 -0.43025
0.73605 0.52261 -0.43025
0.90316 0.14422 -0.40435
0.90316 0.14422 -0.40435
0.90316 0.14422 -0.40435
0.17049 0.00162 -0.98536
0.17049 0.00162 -0.98536
0.17049 0.00162 -0.98536
0.88808 -0.26438 -0.37606
0.88808 -0.26438 -0.37606
0.88808 -0.26438 -0.37606
0.38045 -0.86235 -0.33406
0.38045 -0.86235 -0.33406
0.38045 -0.86235 -0.33406
0.70001 -0.6219 -0.35104
0.70001 -0.6219 -0.35104
0.70001 -0.6219 -0.35104
0.16788 -0.26581 -0.9493
0.16788 -0.26581 -0.9493
0.16788 -0.26581 -0.9493
-0.23894 -0.96232 0.12977
-0.23894 -0.96232 0.12977
-0.23894 -0.96232 0.12977
-0.00967 -0.99098 0.13363
-0.00967 -0.99098 0.13363
-0.00967 -0.99098 0.13363
-0.00863 -0.94456 -0.32824
-0.00863 -0.94456 -0.32824
-0.00863 -0.94456 -0.32824
-0.44258 -0.88869 0.11984
-0.44258 -0.88869 0.11984
-0.44258 -0.88869 0.11984
0.23894 0.96232 -0.12977
0.23894 0.96232 -0.12977
0.23894 0.96232 -0.12977
-0.89964 0.16177 -0.40556
-0.89964 0.16177 -0.40556
-0.89964 0.16177 -0.40556
0 -0.13364 -0.99103
0 -0.13364 -0.99103
0 -0.13364 -0.99103
0 -0.13364 -0.99103
0 -0.13364 -0.99103
0 -0.13364 -0.99103
0 -0.13364 -0.99103
0 -0.13364 -0.99103
0 -0.13364 -0.99103
0 -0.13364 -0.99103
0 -0.13364 -0.99103
0 -0.13364 -0.99103
0 -0.13364 -0.99103
0 -0.13364 -0.99103
0 -0.13364 -0.99103
0 -0.13364 -0.99103
0 -0.13364 -0.99103
0 -0.13364 -0.99103
0 -0.13364 -0.99103
0 -0.13364 -0.99103
0 -0.13364 -0.99103
0 -0.13364 -0.99103
0 -0.13364 -0.99103
0 -0.13364 -0.99103
0 -0.13364 -0.99103
0 -0.13364 -0.99103
0 -0.13364 -0.99103
0 -0.13364 -0.99103
0 -0.13364 -0.99103
0.96755 0.19054 -0.16595
0.96755 0.19054 -0.16595
0.96755 0.19054 -0.16595
0.78018 0.58587 -0.21926
0.78018 0.58587 -0.21926
0.78018 0.58587 -0.21926
0.43828 0.86148 -0.25643
0.43828 0.86148 -0.25643
0.43828 0.86148 -0.25643
0.00958 0.96279 -0.27009
0.00958 0.96279 -0.27009
0.00958 0.96279 -0.27009
-0.42102 0.86972 -0.25754
-0.42102 0.86972 -0.25754
-0.42102 0.86972 -0.25754
-0.76823 0.60072 -0.22127
-0.76823 0.60072 -0.22127
-0.76823 0.60072 -0.22127
-0.96329 0.20905 -0.16845
-0.96329 0.20905 -0.16845
-0.96329 0.20905 -0.16845
-0.78018 -0.62302 -0.05624
-0.78018 -0.62302 -0.05624
-0.78018 -0.62302 -0.05624
-0.00958 -0.99994 -0.00542
-0.00958 -0.99994 -0.00542
-0.00958 -0.99994 -0.00542
0.42102 -0.90687 -0.01797
0.42102 -0.90687 -0.01797
0.42102 -0.90687 -0.01797
0.76823 -0.63787 -0.05424
0.76823 -0.63787 -0.05424
0.76823 -0.63787 -0.05424
0.96329 -0.24621 -0.10706
0.96329 -0.24621 -0.10706
0.96329 -0.24621 -0.10706
-0.00001 -0.13365 -0.99103
-0.00001 -0.13365 -0.99103
-0.00001 -0.13365 -0.99103
0 -0.13364 -0.99103
0 -0.13364 -0.99103
0 -0.13364 -0.99103
0 -0.13364 -0.99103
0 -0.13364 -0.99103
0 -0.13364 -0.99103
0 -0.13364 -0.99103
0 -0.13364 -0.99103
0 -0.13364 -0.99103
0 -0.13364 -0.99103
0 -0.13364 -0.99103
0 -0.13364 -0.99103
0 -0.13364 -0.99103
0 -0.13364 -0.99103
0 -0.13364 -0.99103
0 -0.13364 -0.99103
0 -0.13364 -0.99103
0 -0.13364 -0.99103
0 -0.13364 -0.99103
0 -0.13364 -0.99103
0 -0.13364 -0.99103
0 -0.13364 -0.99103
0 -0.13364 -0.99103
0 -0.13364 -0.99103
0 -0.13364 -0.99103
0 -0.13364 -0.99103
0 -0.13364 -0.99103
0 -0.13364 -0.99103
0 -0.13364 -0.99103
-0.77576 0.62536 -0.08433
-0.77576 0.62536 -0.08433
-0.77576 0.62536 -0.08433
0.78783 0.61037 -0.08231
0.78783 0.61037 -0.08231
0.78783 0.61037 -0.08231
-0.93899 0.187 -0.28867
-0.93899 0.187 -0.28867
-0.93899 0.187 -0.28867
-0.94315 -0.23874 -0.23126
-0.94315 -0.23874 -0.23126
-0.94315 -0.23874 -0.23126
-0.42723 -0.89275 -0.14306
-0.42723 -0.89275 -0.14306
-0.42723 -0.89275 -0.14306
-0.00934 -0.9915 -0.12975
-0.00934 -0.9915 -0.12975
-0.00934 -0.9915 -0.12975
0.4104 -0.90078 -0.14198
0.4104 -0.90078 -0.14198
0.4104 -0.90078 -0.14198
0.74886 -0.63856 -0.17734
0.74886 -0.63856 -0.17734
0.74886 -0.63856 -0.17734
0.93899 -0.25678 -0.22882
0.93899 -0.25678 -0.22882
0.93899 -0.25678 -0.22882
0.94315 0.16895 -0.28623
0.94315 0.16895 -0.28623
0.94315 0.16895 -0.28623
0.7605 0.55431 -0.3382
0.7605 0.55431 -0.3382
0.7605 0.55431 -0.3382
0.42723 0.82297 -0.37443
0.42723 0.82297 -0.37443
0.42723 0.82297 -0.37443
-0.4104 0.831 -0.37551
-0.4104 0.831 -0.37551
-0.4104 0.831 -0.37551
-0.74886 0.56878 -0.34015
-0.74886 0.56878 -0.34015
-0.74886 0.56878 -0.34015
-0.57964 -0.23286 -0.7809
-0.57964 -0.23286 -0.7809
-0.57964 -0.23286 -0.7809
-0.57708 0.02879 -0.81618
-0.57708 0.02879 -0.81618
-0.57708 0.02879 -0.81618
-0.46739 -0.46969 -0.74896
-0.46739 -0.46969 -0.74896
-0.46739 -0.46969 -0.74896
-0.26256 -0.6348 -0.72669
-0.26256 -0.6348 -0.72669
-0.26256 -0.6348 -0.72669
-0.00574 -0.69549 -0.71851
-0.00574 -0.69549 -0.71851
-0.00574 -0.69549 -0.71851
0.25222 -0.63974 -0.72603
0.25222 -0.63974 -0.72603
0.25222 -0.63974 -0.72603
0.46023 -0.47859 -0.74776
0.46023 -0.47859 -0.74776
0.46023 -0.47859 -0.74776
0.57964 0.0177 -0.81468
0.57964 0.0177 -0.81468
0.57964 0.0177 -0.81468
0.26256 0.41964 -0.86889
0.26256 0.41964 -0.86889
0.26256 0.41964 -0.86889
0.00574 0.48033 -0.87707
0.00574 0.48033 -0.87707
0.00574 0.48033 -0.87707
-0.25222 0.42458 -0.86955
-0.25222 0.42458 -0.86955
-0.25222 0.42458 -0.86955
0 -0.13364 -0.99103
0 -0.13364 -0.99103
0 -0.13364 -0.99103
0 -0.13364 -0.99103
0 -0.13364 -0.99103
0 -0.13364 -0.99103
0 -0.13364 -0.99103
0 -0.13364 -0.99103
0 -0.13364 -0.99103
0 -0.13364 -0.99103
0 -0.13364 -0.99103
0 -0.13364 -0.99103
-0.47705 -0.86587 0.15068
-0.47705 -0.86587 0.15068
-0.47705 -0.86587 0.15068
0.39199 0.89882 0.19613
0.4322 0.90143 -0.025
0.39199 0.89882 0.19613
0.39199 0.89882 0.19613
0.48939 0.63302 0.59982
0.39199 0.89882 0.19613
-0.00226 -0.13856 -0.99035
-0.00226 -0.13856 -0.99035
-0.00226 -0.13856 -0.99035
0.47419 -0.86663 0.15522
0.47419 -0.86663 0.15522
0.47419 -0.86663 0.15522
0.00516 -0.12985 -0.99152
0.00516 -0.12985 -0.99152
0.00516 -0.12985 -0.99152
0.39199 0.89882 0.19613
0.48939 0.63302 0.59982
0.39199 0.89882 0.19613
1 0 0
1 0 0
1 0 0
0 1 0
0 1 0
0 1 0
0 -1 0
0 -1 0
0 -1 0
0 0 1
0 0 1
0 0 1
0 -0.07386 -0.99727
0 -0.07386 -0.99727
0 -0.07386 -0.99727
0 0.98421 0.17703
0 0.98421 0.17703
0 0.98421 0.17703
-1 0 0
-1 0 0
-1 0 0
0 -1 0
0 -1 0
0 -1 0
0 0 -1
0 0 -1
0 0 -1
0 1 0
0 1 0
0 1 0
-1 0 0
-1 0 0
-1 0 0
1 0 0
1 0 0
1 0 0
-1 0 0
-1 0 0
-1 0 0
-0.72823 -0.68533 0
-0.72823 -0.68533 0
-0.72823 -0.68533 0
-0.02581 -0.02429 0.99937
-0.02581 -0.02429 0.99937
-0.02581 -0.02429 0.99937
-0.42862 -0.90349 0
-0.42862 -0.90349 0
-0.42862 -0.90349 0
-0.13984 -0.99017 0
-0.13984 -0.99017 0
-0.13984 -0.99017 0
0 0 1
0 0 1
0 0 1
0.13984 -0.99017 0
0.13984 -0.99017 0
0.13984 -0.99017 0
-0.01775 0.03741 0.99914
-0.01775 0.03741 0.99914
-0.01775 0.03741 0.99914
0.72823 -0.68533 0
0.72823 -0.68533 0
0.72823 -0.68533 0
0.73387 0.67828 0.03692
0.73387 0.67828 0.03692
0.73387 0.67828 0.03692
0.01808 0.01358 0.99974
0.01808 0.01358 0.99974
0.01808 0.01358 0.99974
-0.00124 0.08627 0.99627
-0.00124 0.08627 0.99627
-0.00124 0.08627 0.99627
-0.43619 0.89929 0.0317
-0.43619 0.89929 0.0317
-0.43619 0.89929 0.0317
0.0037 -0.0198 0.9998
0.0037 -0.0198 0.9998
0.0037 -0.0198 0.9998
0.42837 0.90297 0.03386
0.42837 0.90297 0.03386
0.42837 0.90297 0.03386
0.13977 0.98967 0.03181
0.13977 0.98967 0.03181
0.13977 0.98967 0.03181
-0.72778 0.68491 0.03502
-0.72778 0.68491 0.03502
-0.72778 0.68491 0.03502
-0.91355 -0.40672 0
-0.91355 -0.40672 0
-0.91355 -0.40672 0
0 -0.29098 -0.95673
0 -0.29098 -0.95673
0 -0.29098 -0.95673
0.78464 -0.32283 0.52927
0.78464 -0.32283 0.52927
0.78464 -0.32283 0.52927
0 -0.99783 0.06582
0 -0.99783 0.06582
0 -0.99783 0.06582
0.53991 -0.28957 -0.79034
0.53991 -0.28957 -0.79034
0.53991 -0.28957 -0.79034
0 -0.3577 0.93384
0 -0.3577 0.93384
0 -0.3577 0.93384
1 0 0
1 0 0
1 0 0
0 1 0
0 1 0
0 1 0
0 1 0
1 0 0
-0.41541 -0.90356 0.10493
-0.41541 -0.90356 0.10493
-0.41541 -0.90356 0.10493
-0.41541 -0.90356 0.10493
0.42311 0.89956 -0.10851
0.42311 0.89956 -0.10851
0.42311 0.89956 -0.10851
0.42311 0.89956 -0.10851
0.419 -0.87402 -0.24603
0.419 -0.87402 -0.24603
0.419 -0.87402 -0.24603
0.419 -0.87402 -0.24603
-0.42669 0.86947 0.24893
-0.42669 0.86947 0.24893
-0.42669 0.86947 0.24893
-0.42669 0.86947 0.24893
0.38888 0.07212 -0.91846
0.38888 0.07212 -0.91846
0.38888 0.07212 -0.91846
-0.38888 -0.07212 0.91846
-0.38888 -0.07212 0.91846
-0.38888 -0.07212 0.91846
0.38888 0.07212 -0.91846
-0.38888 -0.07212 0.91846
-0.41541 0.90356 -0.10493
-0.41541 0.90356 -0.10493
-0.41541 0.90356 -0.10493
-0.41541 0.90356 -0.10493
0.42311 -0.89956 0.10851
0.42311 -0.89956 0.10851
0.42311 -0.89956 0.10851
0.42311 -0.89956 0.10851
-0.47705 -0.86587 0.15068
-0.0153 -0.16324 -0.98647
-0.0153 -0.16324 -0.98647
-0.0153 -0.16324 -0.98647
0.47419 -0.86663 0.15522
-0.0153 -0.16324 -0.98647
0.47419 -0.86663 0.15522
0.47419 -0.86663 0.15522
0.47419 -0.86663 0.15522
-0.0792 0.88958 0.44985
-0.0792 0.88958 0.44985
-0.0792 0.88958 0.44985
-0.59288 0.55876 0.57989
0.48939 0.63302 0.59982
0.4322 0.90143 -0.025
-0.0792 0.88958 0.44985
0.87631 -0.02257 0.48122
0.4322 0.90143 -0.025
0.44364 0.88686 -0.12913
-0.97703 -0.21117 0.02848
-0.97703 -0.21117 0.02848
-0.97703 -0.21117 0.02848
-0.89249 -0.24727 -0.37725
-0.89249 -0.24727 -0.37725
-0.89249 -0.24727 -0.37725
-0.17049 -0.26256 -0.94973
-0.17049 -0.26256 -0.94973
-0.17049 -0.26256 -0.94973
-0.89964 0.16177 -0.40556
-0.89964 0.16177 -0.40556
-0.89964 0.16177 -0.40556
-0.72506 0.53697 -0.43123
-0.72506 0.53697 -0.43123
-0.72506 0.53697 -0.43123
-0.16788 0.00486 -0.9858
-0.16788 0.00486 -0.9858
-0.16788 0.00486 -0.9858
-0.90204 -0.42778 0.05769
-0.90204 -0.42778 0.05769
-0.90204 -0.42778 0.05769
-0.4001 0.79895 -0.44899
0.00967 0.99098 -0.13363
0.00912 0.89036 -0.45516
0.00912 0.89036 -0.45516
0.00912 0.89036 -0.45516
0.44258 0.88869 -0.11984
0.44258 0.88869 -0.11984
0.44258 0.88869 -0.11984
0.73605 0.52261 -0.43025
0.73605 0.52261 -0.43025
0.73605 0.52261 -0.43025
0.41642 0.79088 -0.44845
0.41642 0.79088 -0.44845
0.41642 0.79088 -0.44845
0.17049 0.00162 -0.98536
0.17049 0.00162 -0.98536
0.17049 0.00162 -0.98536
-0.2201 0.96673 -0.13036
-0.2201 0.96673 -0.13036
-0.2201 0.96673 -0.13036
0.97703 0.21117 -0.02848
0.97703 0.21117 -0.02848
0.97703 0.21117 -0.02848
0.97273 -0.22986 0.031
0.97273 -0.22986 0.031
0.97273 -0.22986 0.031
0.90316 0.14422 -0.40435
0.90316 0.14422 -0.40435
0.90316 0.14422 -0.40435
0.70001 -0.6219 -0.35104
0.70001 -0.6219 -0.35104
0.70001 -0.6219 -0.35104
0.90204 0.42778 -0.05769
0.90204 0.42778 -0.05769
0.90204 0.42778 -0.05769
0.42515 -0.89701 0.12096
0.42515 -0.89701 0.12096
0.42515 -0.89701 0.12096
0.38045 -0.86235 -0.33406
0.16788 -0.26581 -0.9493
0.16788 -0.26581 -0.9493
0.16788 -0.26581 -0.9493
-0.00863 -0.94456 -0.32824
-0.00863 -0.94456 -0.32824
-0.00863 -0.94456 -0.32824
-0.00967 -0.99098 0.13363
-0.00967 -0.99098 0.13363
-0.00967 -0.99098 0.13363
-0.39616 -0.85505 -0.33458
-0.39616 -0.85505 -0.33458
-0.39616 -0.85505 -0.33458
-0.71122 -0.6085 -0.35198
-0.71122 -0.6085 -0.35198
-0.71122 -0.6085 -0.35198
0.23894 0.96232 -0.12977
0.23894 0.96232 -0.12977
0.23894 0.96232 -0.12977
0.89352 -0.44499 0.06001
0.89352 -0.44499 0.06001
0.89352 -0.44499 0.06001
0 -0.13364 -0.99103
0 -0.13364 -0.99103
0 -0.13364 -0.99103
0 -0.13364 -0.99103
0 -0.13364 -0.99103
0 -0.13364 -0.99103
0 -0.13364 -0.99103
0.96329 -0.24621 -0.10706
0.96329 -0.24621 -0.10706
0.96329 -0.24621 -0.10706
0.96755 0.19054 -0.16595
0.96755 0.19054 -0.16595
0.96755 0.19054 -0.16595
0.78018 0.58587 -0.21926
0.78018 0.58587 -0.21926
0.78018 0.58587 -0.21926
0.43828 0.86148 -0.25643
0.43828 0.86148 -0.25643
0.43828 0.86148 -0.25643
-0.42102 0.86972 -0.25754
-0.76823 0.60072 -0.22127
-0.76823 0.60072 -0.22127
-0.76823 0.60072 -0.22127
-0.96329 0.20905 -0.16845
-0.96329 0.20905 -0.16845
-0.96329 0.20905 -0.16845
-0.96755 -0.22769 -0.10955
-0.96755 -0.22769 -0.10955
-0.96755 -0.22769 -0.10955
-0.78018 -0.62302 -0.05624
-0.78018 -0.62302 -0.05624
-0.78018 -0.62302 -0.05624
-0.43828 -0.89863 -0.01908
-0.43828 -0.89863 -0.01908
-0.43828 -0.89863 -0.01908
0.42102 -0.90687 -0.01797
0.42102 -0.90687 -0.01797
0.42102 -0.90687 -0.01797
0.76823 -0.63787 -0.05424
0.76823 -0.63787 -0.05424
0.76823 -0.63787 -0.05424
0 -0.13364 -0.99103
0 -0.13364 -0.99103
0 -0.13364 -0.99103
0 -0.13364 -0.99103
0 -0.13364 -0.99103
0 -0.13364 -0.99103
0 -0.13364 -0.99103
0 -0.13364 -0.99103
0 -0.13364 -0.99103
0 -0.13364 -0.99103
0 -0.13364 -0.99103
0 -0.13364 -0.99103
0 -0.13364 -0.99103
0 -0.13364 -0.99103
0.77576 -0.62536 0.08433
0.77576 -0.62536 0.08433
0.77576 -0.62536 0.08433
0.2201 -0.96673 0.13036
0.2201 -0.96673 0.13036
0.2201 -0.96673 0.13036
-0.94315 -0.23874 -0.23126
-0.94315 -0.23874 -0.23126
-0.94315 -0.23874 -0.23126
-0.7605 -0.62409 -0.17929
-0.7605 -0.62409 -0.17929
-0.7605 -0.62409 -0.17929
-0.42723 -0.89275 -0.14306
-0.42723 -0.89275 -0.14306
-0.42723 -0.89275 -0.14306
-0.00934 -0.9915 -0.12975
-0.00934 -0.9915 -0.12975
-0.00934 -0.9915 -0.12975
0.4104 -0.90078 -0.14198
0.93899 -0.25678 -0.22882
0.93899 -0.25678 -0.22882
0.93899 -0.25678 -0.22882
0.94315 0.16895 -0.28623
0.94315 0.16895 -0.28623
0.94315 0.16895 -0.28623
0.7605 0.55431 -0.3382
0.7605 0.55431 -0.3382
0.7605 0.55431 -0.3382
0.42723 0.82297 -0.37443
0.42723 0.82297 -0.37443
0.42723 0.82297 -0.37443
0.00934 0.92172 -0.38774
0.00934 0.92172 -0.38774
0.00934 0.92172 -0.38774
-0.74886 0.56878 -0.34015
-0.74886 0.56878 -0.34015
-0.74886 0.56878 -0.34015
-0.93899 0.187 -0.28866
-0.93899 0.187 -0.28866
-0.93899 0.187 -0.28866
-0.57964 -0.23286 -0.7809
-0.57964 -0.23286 -0.7809
-0.57964 -0.23286 -0.7809
-0.46739 -0.46969 -0.74896
-0.46739 -0.46969 -0.74896
-0.46739 -0.46969 -0.74896
-0.00574 -0.69549 -0.71851
-0.00574 -0.69549 -0.71851
-0.00574 -0.69549 -0.71851
0.25222 -0.63974 -0.72603
0.46023 -0.47859 -0.74776
0.46023 -0.47859 -0.74776
0.46023 -0.47859 -0.74776
0.57708 -0.24395 -0.7794
0.57708 -0.24395 -0.7794
0.57708 -0.24395 -0.7794
0.46739 0.25453 -0.84662
0.46739 0.25453 -0.84662
0.46739 0.25453 -0.84662
0.26256 0.41964 -0.86889
0.26256 0.41964 -0.86889
0.26256 0.41964 -0.86889
-0.25222 0.42458 -0.86955
-0.25222 0.42458 -0.86955
-0.25222 0.42458 -0.86955
-0.46023 0.26342 -0.84782
-0.46023 0.26342 -0.84782
-0.46023 0.26342 -0.84782
0 -0.13364 -0.99103
0 -0.13364 -0.99103
0 -0.13364 -0.99103
0 -0.13364 -0.99103
0 -0.13364 -0.99103
0 -0.13364 -0.99103
0 -0.13364 -0.99103
0.47419 -0.86663 0.15522
0.47419 -0.86663 0.15522
0.47419 -0.86663 0.15522
-0.00191 -0.1389 -0.9903
-0.00191 -0.1389 -0.9903
-0.00191 -0.1389 -0.9903
-0.47705 -0.86587 0.15068
-0.47705 -0.86587 0.15068
-0.47705 -0.86587 0.15068
-0.00558 0.98282 0.18448
-0.00558 0.98282 0.18448
-0.00558 0.98282 0.18448
0.00102 -0.12801 -0.99177
0.00102 -0.12801 -0.99177
0.00102 -0.12801 -0.99177
0 -1 0
-1 0 0
-1 0 0
-1 0 0
1 0 0
1 0 0
1 0 0
0 -0.07386 -0.99727
0 0.98421 0.17703
0 0 1
1 0 0
1 0 0
1 0 0
0 1 0
0 -1 0
0 -1 0
0 -1 0
1 0 0
0 1 0
0 1 0
0 1 0
-1 0 0
-0.72823 -0.68533 0
-0.0184 -0.03878 0.99908
-0.0184 -0.03878 0.99908
-0.0184 -0.03878 0.99908
-0.42862 -0.90349 0
0.13984 -0.99017 0
0.42862 -0.90349 0
0.42862 -0.90349 0
0.42862 -0.90349 0
-0.02636 0.02481 0.99934
-0.02636 0.02481 0.99934
-0.02636 0.02481 0.99934
0.00255 0.01496 0.99988
0.00255 0.01496 0.99988
0.00255 0.01496 0.99988
0.15146 0.98798 0.0309
0.15146 0.98798 0.0309
0.15146 0.98798 0.0309
-0.15337 0.98769 0.03075
-0.15337 0.98769 0.03075
-0.15337 0.98769 0.03075
-0.03206 0.05652 0.99789
-0.03206 0.05652 0.99789
-0.03206 0.05652 0.99789
-0.68642 0.72621 0.03815
-0.68642 0.72621 0.03815
-0.68642 0.72621 0.03815
0.72772 0.68485 0.03743
0.72772 0.68485 0.03743
0.72772 0.68485 0.03743
-0.42841 0.90305 0.03098
-0.42841 0.90305 0.03098
-0.42841 0.90305 0.03098
-0.792 -0.29553 0.53423
-0.792 -0.29553 0.53423
-0.792 -0.29553 0.53423
-0.53991 -0.28957 -0.79034
-0.53991 -0.28957 -0.79034
-0.53991 -0.28957 -0.79034
0 -0.29098 -0.95673
0.84868 -0.52874 -0.01318
0.84868 -0.52874 -0.01318
0.84868 -0.52874 -0.01318
-0.00662 -0.38836 0.92149
-0.00662 -0.38836 0.92149
-0.00662 -0.38836 0.92149
0 -0.99783 0.06582
0 -1 0
0 -1 0
0 -1 0
0 1 0
0 1 0
0 1 0
0 1 0
0 -1 0
-0.1122 -0.11568 -0.98693
-0.0562 -0.10282 -0.99311
-0.0562 -0.10282 -0.99311
0 -0.08961 -0.99598
0 -1 0
0 -1 0
0 -1 0
0 -1 0
0.07129 -0.10283 -0.99214
0.07129 -0.10283 -0.99214
0.1422 -0.0887 -0.98586
0 -0.11642 -0.9932
0.38888 -0.07212 0.91846
0.38888 -0.07212 0.91846
0.38888 -0.07212 0.91846
-0.38888 0.07212 -0.91846
-0.38888 0.07212 -0.91846
-0.38888 0.07212 -0.91846
0.38888 -0.07212 0.91846
-0.38888 0.07212 -0.91846
-0.41541 -0.90356 0.10493
-0.41541 -0.90356 0.10493
-0.41541 -0.90356 0.10493
-0.41541 -0.90356 0.10493
0.42311 0.89956 -0.10851
0.42311 0.89956 -0.10851
0.42311 0.89956 -0.10851
0.42311 0.89956 -0.10851
-0.41541 0.90356 -0.10493
-0.41541 0.90356 -0.10493
-0.41541 0.90356 -0.10493
-0.41541 0.90356 -0.10493
0.42311 -0.89956 0.10851
0.42311 -0.89956 0.10851
0.42311 -0.89956 0.10851
0.42311 -0.89956 0.10851
0.38888 0.07212 -0.91846
0.38888 0.07212 -0.91846
0.38888 0.07212 -0.91846
-0.38888 -0.07212 0.91846
-0.38888 -0.07212 0.91846
-0.38888 -0.07212 0.91846
0.38888 0.07212 -0.91846
-0.38888 -0.07212 0.91846
-0.47705 -0.86587 0.15068
-0.79766 0.49853 0.33942
-0.79766 0.49853 0.33942
-0.79766 0.49853 0.33942
0.47419 -0.86663 0.15522
0.79687 0.49743 0.34288
0.79687 0.49743 0.34288
0.79687 0.49743 0.34288
-0.79766 0.49853 0.33942
0.79687 0.49743 0.34288
-0.97703 -0.21117 0.02848
-0.97703 -0.21117 0.02848
-0.97703 -0.21117 0.02848
-0.97273 0.22986 -0.031
-0.97273 0.22986 -0.031
-0.97273 0.22986 -0.031
-0.16788 0.00486 -0.9858
-0.16788 0.00486 -0.9858
-0.16788 0.00486 -0.9858
-0.42515 0.89701 -0.12096
-0.42515 0.89701 -0.12096
-0.42515 0.89701 -0.12096
0.00913 0.89036 -0.45516
0.00913 0.89036 -0.45516
0.00913 0.89036 -0.45516
0.44258 0.88869 -0.11984
0.44258 0.88869 -0.11984
0.44258 0.88869 -0.11984
0.97703 0.21117 -0.02848
0.97703 0.21117 -0.02848
0.97703 0.21117 -0.02848
0.88808 -0.26438 -0.37606
0.88808 -0.26438 -0.37606
0.88808 -0.26438 -0.37606
0.97273 -0.22986 0.031
0.97273 -0.22986 0.031
0.97273 -0.22986 0.031
0.42515 -0.89701 0.12096
-0.44258 -0.88869 0.11984
-0.44258 -0.88869 0.11984
-0.44258 -0.88869 0.11984
-0.39616 -0.85505 -0.33458
-0.39616 -0.85505 -0.33458
-0.39616 -0.85505 -0.33458
0.22011 -0.96673 0.13036
0.22011 -0.96673 0.13036
0.22011 -0.96673 0.13036
-0.89352 0.44499 -0.06001
-0.89352 0.44499 -0.06001
-0.89352 0.44499 -0.06001
0.89352 -0.44499 0.06001
0.89352 -0.44499 0.06001
0.89352 -0.44499 0.06001
-0.23894 -0.96232 0.12977
-0.23894 -0.96232 0.12977
-0.23894 -0.96232 0.12977
0 -0.13364 -0.99103
0 -0.13364 -0.99103
0 -0.13364 -0.99103
0 -0.13364 -0.99103
0 -0.13364 -0.99103
0 -0.13364 -0.99103
0.00958 0.96279 -0.27009
0.00958 0.96279 -0.27009
0.00958 0.96279 -0.27009
-0.96755 -0.22769 -0.10956
-0.96755 -0.22769 -0.10956
-0.96755 -0.22769 -0.10956
-0.43828 -0.89863 -0.01908
-0.43828 -0.89863 -0.01908
-0.43828 -0.89863 -0.01908
-0.00958 -0.99994 -0.00542
-0.00958 -0.99994 -0.00542
-0.00958 -0.99994 -0.00542
0 -0.13364 -0.99103
0 -0.13364 -0.99103
0 -0.13364 -0.99103
0 -0.13364 -0.99103
0 -0.13364 -0.99103
-0.90204 -0.42778 0.05769
-0.90204 -0.42778 0.05769
-0.90204 -0.42778 0.05769
-0.77576 0.62536 -0.08433
-0.77576 0.62536 -0.08433
-0.77576 0.62536 -0.08433
-0.22011 0.96673 -0.13036
-0.22011 0.96673 -0.13036
-0.22011 0.96673 -0.13036
0.78783 0.61037 -0.08231
0.78783 0.61037 -0.08231
0.78783 0.61037 -0.08231
0.90204 0.42778 -0.05769
0.90204 0.42778 -0.05769
0.90204 0.42778 -0.05769
0.77576 -0.62536 0.08433
0.77576 -0.62536 0.08433
0.77576 -0.62536 0.08433
-0.78783 -0.61037 0.08231
-0.78783 -0.61037 0.08231
-0.78783 -0.61037 0.08231
-0.00001 -0.13363 -0.99103
-0.00001 -0.13363 -0.99103
-0.00001 -0.13363 -0.99103
-0.7605 -0.62409 -0.17929
-0.7605 -0.62409 -0.17929
-0.7605 -0.62409 -0.17929
0.74886 -0.63856 -0.17734
0.74886 -0.63856 -0.17734
0.74886 -0.63856 -0.17734
0.00934 0.92172 -0.38774
0.00934 0.92172 -0.38774
0.00934 0.92172 -0.38774
-0.4104 0.831 -0.37551
-0.4104 0.831 -0.37551
-0.4104 0.831 -0.37551
-0.26256 -0.6348 -0.72669
-0.26256 -0.6348 -0.72669
-0.26256 -0.6348 -0.72669
0.57708 -0.24395 -0.7794
0.57708 -0.24395 -0.7794
0.57708 -0.24395 -0.7794
0.57964 0.0177 -0.81468
0.57964 0.0177 -0.81468
0.57964 0.0177 -0.81468
0.46739 0.25453 -0.84662
0.46739 0.25453 -0.84662
0.46739 0.25453 -0.84662
0.00574 0.48033 -0.87707
0.00574 0.48033 -0.87707
0.00574 0.48033 -0.87707
-0.46023 0.26342 -0.84782
-0.46023 0.26342 -0.84782
-0.46023 0.26342 -0.84782
-0.57708 0.02879 -0.81618
-0.57708 0.02879 -0.81618
-0.57708 0.02879 -0.81618
0 -0.13364 -0.99103
0 -0.13364 -0.99103
0.00094 -0.13533 -0.9908
0.00094 -0.13533 -0.9908
0.00094 -0.13533 -0.9908
0.47419 -0.86663 0.15522
0.47419 -0.86663 0.15522
0.47419 -0.86663 0.15522
0.00022 -0.99542 0.09562
0.00022 -0.99542 0.09562
0.00022 -0.99542 0.09562
-0.00194 -0.13359 -0.99103
-0.00194 -0.13359 -0.99103
-0.00194 -0.13359 -0.99103
-0.47705 -0.86587 0.15068
-0.47705 -0.86587 0.15068
-0.47705 -0.86587 0.15068
1 0 0
0 0 -1
0 0 -1
0 0 -1
-1 0 0
1 0 0
-1 0 0
1 0 0
0 0 -1
0 -1 0
-1 0 0
0 0 -1
0 0 -1
0 0 -1
0 1 0
0 -1 0
-0.13984 -0.99017 0
0 0 1
0.42862 -0.90349 0
0.72823 -0.68533 0
0.41053 0.91128 0.03222
0.41053 0.91128 0.03222
0.41053 0.91128 0.03222
0.00041 0.02886 0.99958
0.00041 0.02886 0.99958
0.00041 0.02886 0.99958
-0.13977 0.98967 0.03181
-0.13977 0.98967 0.03181
-0.13977 0.98967 0.03181
-0.87555 -0.48208 0.0318
-0.87555 -0.48208 0.0318
-0.87555 -0.48208 0.0318
0.91384 -0.40519 0.02673
0.91384 -0.40519 0.02673
0.91384 -0.40519 0.02673
-1 0 0
-1 0 0
-1 0 0
1 0 0
1 0 0
1 0 0
-1 0 0
-0.04443 -0.17537 -0.9835
-0.03304 -0.08803 -0.99557
-0.03304 -0.08803 -0.99557
1 0 0
-0.02138 0 -0.99977
0.419 -0.87402 -0.24603
0.419 -0.87402 -0.24603
0.419 -0.87402 -0.24603
0.419 -0.87402 -0.24603
-0.42669 0.86947 0.24893
-0.42669 0.86947 0.24893
-0.42669 0.86947 0.24893
-0.42669 0.86947 0.24893
0.38888 -0.07212 0.91846
0.38888 -0.07212 0.91846
0.38888 -0.07212 0.91846
-0.38888 0.07212 -0.91846
-0.38888 0.07212 -0.91846
-0.38888 0.07212 -0.91846
0.38888 -0.07212 0.91846
-0.38888 0.07212 -0.91846
0.419 0.87402 0.24603
0.419 0.87402 0.24603
0.419 0.87402 0.24603
0.419 0.87402 0.24603
-0.42669 -0.86947 -0.24893
-0.42669 -0.86947 -0.24893
-0.42669 -0.86947 -0.24893
-0.42669 -0.86947 -0.24893
0.419 0.87402 0.24603
0.419 0.87402 0.24603
0.419 0.87402 0.24603
0.419 0.87402 0.24603
-0.42669 -0.86947 -0.24893
-0.42669 -0.86947 -0.24893
-0.42669 -0.86947 -0.24893
-0.42669 -0.86947 -0.24893
-0.47705 -0.86587 0.15068
0.86775 -0.49123 -0.07553
0.86775 -0.49123 -0.07553
0.86775 -0.49123 -0.07553
0.47419 -0.86663 0.15522
0.01805 -0.16669 -0.98584
0.01805 -0.16669 -0.98584
0.01805 -0.16669 -0.98584
0.86775 -0.49123 -0.07553
0.01805 -0.16669 -0.98584
-0.42515 0.89701 -0.12096
-0.78783 -0.61037 0.08231
-0.78783 -0.61037 0.08231
-0.78783 -0.61037 0.08231
0 -0.13364 -0.99103
0 -0.13364 -0.99103
-0.39271 0.89844 0.19645
-0.71882 0.57975 0.38365
-0.39271 0.89844 0.19645
-0.39271 0.89844 0.19645
0.19977 0.84445 0.49699
-0.39271 0.89844 0.19645
-0.39271 0.89844 0.19645
-0.71882 0.57975 0.38365
-0.39271 0.89844 0.19645
0 0 -1
0 1 0
0 0 -1
-1 0 0
-1 0 0
-1 0 0
0.03321 -0.0983 -0.9946
0.03321 -0.0983 -0.9946
0.04513 0 -0.99898
-1 0 0
0.02097 -0.19563 -0.98045
-0.86765 -0.48991 -0.08469
-0.86765 -0.48991 -0.08469
-0.86765 -0.48991 -0.08469
-0.47705 -0.86587 0.15068
-0.47705 -0.86587 0.15068
-0.47705 -0.86587 0.15068
-0.86765 -0.48991 -0.08469
-0.4241 0.90498 0.03394
-0.4241 0.90498 0.03394
-0.45029 0.81016 -0.37534
-0.71882 0.57975 0.38365
0.19977 0.84445 0.49699
0.19977 0.84445 0.49699
-0.4241 0.90498 0.03394
-0.4369 0.07804 0.89612
0.19977 0.84445 0.49699
0.37016 0.75051 0.54746

END
